0.997145815493299	0.00249248292282593	0.000361701583875262
0.998203020405368	0.00176459487107377	3.23847235584898e-05
0.989596551259946	0.0103403523135364	6.30964265171148e-05
0.997467542930064	0.000853416571948334	0.00167904049798749
0.142848101484025	0.857150471141728	1.42737424679161e-06
0.000128483245050253	0.999871516746387	8.56251622230258e-12
0.997499783168985	0.00220408597390115	0.000296130857114233
0.103888754875024	0.896111174888331	7.0236644887439e-08
0.393762671104039	0.605978311058284	0.000259017837677204
0.595336834812891	0.404661054875108	2.11031200137845e-06
0.0643276326088726	1.90145118659556e-05	0.935653352879261
0.981085528794401	0.0155843235853505	0.00333014762024809
0.0946822312936162	2.08191253134294e-06	0.905315686793852
0.988291361944017	0.0116736081527927	3.50299031903334e-05
0.99766996746386	0.00215495951198454	0.000175073024155575
0.614953349895669	0.385046221322225	4.28782105416762e-07
0.997833188915038	0.00144347311586126	0.000723337969100795
0.326018775353388	4.37180333708291e-06	0.673976852843275
0.999775705632103	3.95603959937717e-06	0.000220338328297186
0.991743327206299	0.00815389883832406	0.000102773955377439
0.96890122734422	0.0201073130457585	0.0109914596100218
0.00206217088113732	0.997937826793943	2.32491917357992e-09
0.189588929601757	0.810353991263755	5.70791344878821e-05
0.999713131346442	0.000279714315467255	7.15433809071189e-06
0.858078542126346	0.14192142987698	2.79966743186329e-08
0.990963532959611	0.0074120049167382	0.00162446212365069
0.999633266075422	0.000319215575403964	4.75183491742895e-05
0.99913910280382	0.000305446597167946	0.000555450599011769
0.996111593444578	0.00383632563391982	5.20809215024786e-05
0.99738617649557	0.00233884620438289	0.000274977300047345
0.999176854959426	0.000138661921667321	0.000684483118906632
0.899407596191718	0.100432500789509	0.000159903018773218
0.996893234930582	0.00255067170981555	0.000556093359602472
0.997843236518115	0.00185076356336264	0.000305999918522476
0.997080080034116	0.00290327197195632	1.66479939273882e-05
0.977862197685464	0.0126298757068896	0.00950792660764683
0.987845274617527	0.0096353048158423	0.00251942056663067
0.951123911315216	0.0488757658455944	3.22839189183179e-07
0.569325015744038	0.430674084456392	8.99799569596917e-07
0.992282857511996	0.00769086296315554	2.62795248485528e-05
0.944823324897253	0.0551735488675772	3.12623516965884e-06
0.999913203965241	3.24477003306729e-05	5.43483344284506e-05
0.000892346113873906	1.27218827366051e-11	0.999107653873404
0.981886563616197	0.00657394289380747	0.0115394934899958
0.99997750485902	9.25351478165666e-06	1.32416261984757e-05
0.897995751192858	0.101985304570146	1.89442369967782e-05
0.998674854682998	0.00038942449974384	0.00093572081725846
0.998365181297964	9.01464483150982e-05	0.00154467225372146
0.935682508354709	0.0641966424735437	0.000120849171747423
0.0964292443557622	0.903563022239062	7.73340517566505e-06
0.937245901793083	0.023233647206331	0.0395204510005859
0.934991788371735	5.9074931102461e-07	0.0650076208789536
0.999307687055031	0.000319068393542655	0.00037324455142603
0.0697875845515163	0.000529303639097425	0.929683111809386
0.705157513197569	0.29484184190594	6.44896491428046e-07
0.998853131787501	0.00110648928090298	4.03789315962666e-05
0.153525816998366	0.846474152117365	3.08842690293578e-08
0.924628031342131	0.00492592197513179	0.070446046682737
0.999284300284142	1.46938676987088e-05	0.000701005848159487
0.981351525473408	0.0186361778040722	1.22967225200044e-05
0.014140513291424	6.51806929517989e-10	0.985859486056769
0.967722943083719	6.35867832335657e-07	0.0322764210484491
0.0137780795995409	0.986221291793148	6.28607310624317e-07
0.789039311708583	0.210730650584517	0.000230037706900089
0.969337923112807	0.009728477239685	0.0209335996475082
0.419499492964221	0.543879272286756	0.0366212347490223
0.6823108036382	0.317687761998567	1.43436323247501e-06
0.997332814610898	0.00228252218313783	0.000384663205964172
0.996582439951115	0.00329750657618365	0.000120053472701769
0.96648447263758	0.0223880240427063	0.0111275033197137
0.924030090996331	0.0759697775366781	1.3146699071629e-07
0.984334328007251	0.0156656719921362	6.13046613208944e-13
0.995264927582265	0.00396181383151918	0.000773258586215515
0.832211422744771	0.0225693613015497	0.145219215953679
0.928253174048568	0.00039552201487087	0.0713513039365612
0.999722487469552	8.71114500714196e-05	0.000190401080376976
0.999313884823425	0.000351131814644735	0.00033498336192985
0.00754424941749439	0.992455748966849	1.61565668009475e-09
0.998290075059471	0.000154536482444012	0.00155538845808497
0.0455465339421669	0.954453460114882	5.94295117711354e-09
0.157004427242104	0.842994921235319	6.51522576455462e-07
0.973433273894343	0.000199158216135911	0.0263675678895212
0.658013984132712	0.000198255173782461	0.341787760693506
0.996893234930582	0.00255067170981555	0.000556093359602472
0.787601250120974	0.21239178216349	6.96771553622335e-06
0.99908063192979	0.000737736349333079	0.000181631720876507
0.990963532959611	0.0074120049167382	0.00162446212365069
0.934312486654149	0.0650988462697887	0.000588667076062723
0.200307006574287	0.799676421838605	1.65715871072696e-05
0.989165371159677	0.010647843911362	0.000186784928961245
0.99742489699461	0.00242371167424191	0.000151391331148194
0.982286343942233	0.0016333262728988	0.0160803297848683
0.997107083632578	0.000226583480531374	0.00266633288689099
0.0334759948140958	0.966524004095544	1.09036069124575e-09
0.929569973616219	0.070312960532439	0.00011706585134217
0.995052794363876	0.00157131604998399	0.00337588958614025
1.1138672986166e-05	0.999988861326108	9.05953629147407e-13
0.994808375299333	0.00507228175306853	0.0001193429475983
0.996056114223327	0.000504886337867576	0.00343899943880569
0.996453543471683	0.00234791879334757	0.00119853773496996
0.981692061088199	0.0182836527161131	2.42861956883803e-05
0.995693042397628	0.00427592954484695	3.10280575251853e-05
0.996065415466754	0.00324469563601581	0.000689888897230167
0.911713792351059	0.00253651605609495	0.0857496915928456
0.999411419085299	0.000140901547451343	0.000447679367249795
0.999349651557683	0.000467691079600821	0.000182657362716168
0.987923557665136	0.0120299987073953	4.64436274691793e-05
0.0411300627893841	0.958869921841326	1.53692894952804e-08
0.371708695197049	0.00148672954945017	0.626804575253501
0.997481471638528	0.00196408917308009	0.000554439188391492
0.999375400225898	0.000608020197544519	1.65795765571829e-05
0.996393374112398	0.00340606054991308	0.000200565337689206
0.253714395171972	3.51404432180017e-06	0.746282090783706
0.988737722828611	0.0112369412852084	2.53358861804478e-05
0.536622286803434	0.462886774756456	0.000490938440109584
0.980276892943755	0.0197178809526827	5.22610356193324e-06
0.995142704975593	0.0045833428319546	0.000273952192452002
0.791750696136282	0.203630210985437	0.00461909287828068
0.987097019744726	0.0128435054164577	5.947483881623e-05
0.999308557654863	0.000444659401365515	0.000246782943771162
0.992815895476264	0.000284764986423047	0.00689933953731254
0.996652169849537	0.00325748810174738	9.03420487161828e-05
0.986252485569946	0.0137384883077839	9.02612226985796e-06
0.010642240589785	0.986117317912039	0.00324044149817633
0.458791276064801	0.5412072855478	1.43838739896843e-06
0.95288514051112	0.0205113940355598	0.02660346545332
0.999084842685562	0.000398808118264386	0.000516349196174125
0.945858248217881	0.00017019693118167	0.053971554850937
0.769622929356892	0.230314832845475	6.2237797633537e-05
0.934833710488608	0.0639844692396918	0.00118182027170051
0.971503584895973	0.0209215257137341	0.0075748893902926
0.995676894691382	0.00428328600245065	3.98193061674135e-05
0.973356177268955	1.06283198880969e-11	0.0266438227204162
0.0299496962886253	0.970049958491484	3.45219890566315e-07
0.714306646520355	0.285670851735029	2.25017446163051e-05
0.998898164930708	0.00058380206698689	0.00051803300230485
0.978123241446824	0.0211431495900773	0.000733608963098152
0.999727642341457	0.000263190779011525	9.16687953146015e-06
0.998332630207874	0.00163424294026906	3.31268518572465e-05
0.993367620221692	0.00637189867981242	0.000260481098495827
0.996341977715673	0.0035600342660664	9.79880182606214e-05
0.826809495587914	0.171328379566385	0.00186212484570149
0.000301937198552146	0.999698056577116	6.2243322066696e-09
0.996235442612188	0.0034946761762531	0.0002698812115587
0.996893234930582	0.00255067170981555	0.000556093359602472
0.99766996746386	0.00215495951198454	0.000175073024155575
0.999096142355369	1.29117488615909e-06	0.00090256646974429
0.980565106639175	0.00523202532819447	0.0142028680326302
6.87787021825634e-08	3.15148346658845e-14	0.999999931221266
0.908832757692226	0.00466792702448856	0.086499315283285
0.912459779609932	0.00396956067268787	0.0835706597173799
0.981547690622532	0.0179478666292042	0.000504442748264007
0.998671508661185	0.000766172074850018	0.000562319263965303
0.991436932706614	0.000675710161010713	0.00788735713237571
0.998372089941522	0.00125970118365355	0.000368208874823917
0.981886563616197	0.00657394289380747	0.0115394934899958
0.992192305825394	0.00771776162723171	8.99325473741661e-05
0.985681762445048	0.0142745429770441	4.36945779077373e-05
0.992874409164099	0.00712559083569036	2.10778729938425e-13
0.944470447084768	0.00257258415880145	0.0529569687564305
0.983499890049355	0.0164861530257254	1.39569249200444e-05
0.92216704735097	0.0777219151320992	0.000111037516930477
0.839536819272976	0.155897242711656	0.00456593801536806
0.826887922372163	0.172748692890955	0.000363384736882172
0.999093244017936	5.73310788876966e-05	0.000849424903176582
0.998036651693873	0.000891877197332692	0.00107147110879469
0.9986372666851	0.00114995685495153	0.000212776459947941
0.981886563616197	0.00657394289380747	0.0115394934899958
0.00268939270813949	0.997310607255737	3.6123628259629e-11
0.975220883938064	0.00528217883336558	0.0194969372285704
0.189802408363597	2.33086984662381e-06	0.810195260766557
0.969258058148095	0.0301264571423562	0.00061548470954926
0.995595244059721	0.00425292574758728	0.00015183019269165
0.999690108828483	0.000307314456431979	2.57671508553781e-06
0.981208105720728	0.0187646554532163	2.72388260555768e-05
0.00205353647051267	0.997946463529029	4.58090361818547e-13
0.997697099524107	0.0014480983571997	0.00085480211869295
0.999796748106987	0.00018074260674479	2.25092862684314e-05
0.948004919699291	0.00169190416874546	0.0503031761319632
0.96285637031618	0.0370682753966359	7.53542871843865e-05
0.999826615871469	5.48929378867032e-05	0.000118491190644637
0.93581705348652	0.0641333477769739	4.95987365057906e-05
0.986968847296667	0.0128466932234777	0.000184459479855697
0.746680565888925	0.000147932875147468	0.253171501235928
0.732344010204384	0.267655928401606	6.13940098885957e-08
0.791800076704152	0.194618090729475	0.013581832566373
0.591973065319136	0.000663265038614111	0.40736366964225
0.989477996742947	5.91424314451423e-05	0.0104628608256082
0.998934195141621	0.000755203248012807	0.000310601610366266
0.998196290378696	0.000101866452029981	0.00170184316927419
0.773583537288798	0.226414997891812	1.46481938956537e-06
0.99766996746386	0.00215495951198454	0.000175073024155575
0.815521261609367	0.000183564304053779	0.184295174086579
0.995665009287169	0.0042899618898059	4.50288230256174e-05
0.963609146567949	0.0318571951630307	0.00453365826902013
0.9874622323671	0.0112770513946803	0.00126071623822
3.84374120801505e-06	0.999996156258787	5.27437569742339e-15
0.997791646042462	0.00214172954441278	6.66244131250153e-05
0.00513663646772731	0.994863362631233	9.01039837285186e-10
0.409517430886893	0.590479745711419	2.82340168830046e-06
0.296527672152885	0.703470558560733	1.76928638187964e-06
0.00373564800168914	0.996264351998	3.10581437525408e-13
0.93201613947341	0.0678992621960157	8.45983305742679e-05
0.895671078567032	0.104268993645107	5.99277878606864e-05
0.802268864414553	0.19773111707341	1.85120367451305e-08
0.997438928631565	0.00216325289653582	0.000397818471899001
0.991393874669072	0.000221597462657953	0.00838452786827039
0.0375191075249714	0.96247790195003	2.99052499890556e-06
0.999591431717728	0.000382602930804961	2.59653514669784e-05
0.998501043327416	0.00149539965636639	3.55701621792747e-06
0.52747754935763	0.472515690605734	6.7600366357007e-06
0.976010794040666	5.55354983717635e-05	0.0239336704609625
0.996910653212843	0.000507445963341649	0.00258190082381518
0.996164337643236	0.00246565631202992	0.00137000604473372
0.350123144043249	1.17204210704553e-06	0.649875683914644
0.804635974901019	0.191604142403627	0.00375988269535335
0.996893234930582	0.00255067170981555	0.000556093359602472
0.943711832630077	0.00206215130188365	0.0542260160680396
0.931101975981958	2.25676568860823e-06	0.0688957672523534
0.00255792822155648	0.997442071724514	5.39299478033348e-11
0.224355455230581	0.77564368356791	8.61201509182473e-07
0.998705929782978	0.000602992589658806	0.000691077627363013
0.00025025380004854	0.999749745242037	9.57913978517473e-10
0.997904816985215	0.00199692119945359	9.8261815330855e-05
0.986535379776347	0.0117485291638998	0.00171609105975341
0.952005061927843	0.0478269645489674	0.000167973523189691
0.999301798298908	0.000640243035364479	5.79586657277069e-05
0.981886563616197	0.00657394289380747	0.0115394934899958
0.995619478607287	0.00426169290914566	0.000118828483567512
0.966247233158011	0.0263598853868864	0.00739288145510253
0.922707366939751	0.0766130888489337	0.000679544211315377
0.436984680612997	4.00004312338904e-05	0.562975318955769
0.988661383810644	0.0113371876872652	1.42850209091593e-06
0.999720268363213	0.000238515617839667	4.12160189468497e-05
0.962601884927134	0.000423381768695921	0.0369747333041699
0.980004040586943	0.00506345382530793	0.0149325055877493
0.978654938875741	0.0211166004894688	0.000228460634790002
0.990963532959611	0.0074120049167382	0.00162446212365069
0.887710610772112	0.112229853020577	5.95362073112003e-05
0.999496038985169	0.000130387639008155	0.000373573375823169
0.996753360682169	0.00250570852907939	0.00074093078875218
0.985309643623121	0.000176480861615608	0.0145138755152635
0.228196784089964	0.00011808748859062	0.771685128421446
0.993978598005862	0.000176343961558815	0.00584505803257967
0.931908518981274	0.0680913394322143	1.41586511683101e-07
0.99508769068153	0.00483093535653696	8.13739619332855e-05
0.993641382265798	0.00633299994399814	2.56177902033197e-05
0.00185840971825847	0.998141589682691	5.99050094601993e-10
0.0163627415862565	0.983616887336892	2.03710768518253e-05
0.996057830523055	0.00393587156491824	6.29791202643141e-06
0.99064772472261	0.00922971839688044	0.000122556880510013
0.998732779569135	0.000965760288433822	0.000301460142431103
0.331411126011402	0.668246165397298	0.000342708591300544
0.996920219548668	0.00289743324565201	0.000182347205679937
0.993104734989406	0.0068435111765626	5.17538340313872e-05
0.999777960238556	5.01057772736316e-05	0.00017193398417015
0.99728606371911	0.00264887851506994	6.50577658201848e-05
0.997012442341111	0.00232989507120216	0.000657662587686907
0.828685264582277	0.171199502831271	0.000115232586451976
0.994802218146494	0.00504939569037813	0.000148386163127959
0.997954845176026	0.00202269252567329	2.24622983009874e-05
0.167513819590235	5.41431810750899e-06	0.832480766091658
0.99728606371911	0.00264887851506994	6.50577658201848e-05
0.992535885587535	0.00724991316827309	0.00021420124419177
0.998767041527701	0.00105212755764507	0.000180830914653756
0.696507168137886	0.300074513019361	0.00341831884275348
0.997609949376471	0.00225205641670351	0.000137994206825365
0.876416897957635	0.123563724685264	1.93773571013874e-05
0.995667405462698	0.00413086423743242	0.000201730299869664
0.999107454433803	0.000543030324376319	0.000349515241820462
0.0709324802136026	4.58685950330713e-08	0.929067473917802
0.944316338689092	0.000425594976436874	0.0552580663344713
0.00921240781375772	0.990787574683109	1.75031335031677e-08
0.813413868354933	0.186583858680843	2.27296422426973e-06
0.999333944479388	0.000631369003407355	3.46865172046369e-05
0.000105069266128195	1.31110990030819e-09	0.999894929422762
0.994114988842652	0.00582754682466635	5.74643326818637e-05
0.997145815493299	0.00249248292282593	0.000361701583875262
0.999098488972047	0.000822887083985919	7.86239439672508e-05
0.993981478823303	0.000142210445428958	0.00587631073126788
0.997776817956229	0.00191799379805437	0.000305188245716709
0.893582106843931	0.10641738336144	5.09794629005229e-07
0.938734324530015	0.0602587627847839	0.00100691268520083
0.997605153845723	0.00234666334103141	4.81828132458501e-05
0.996861405912037	0.00292902624185193	0.000209567846111313
0.940348568460866	0.0594146225513259	0.000236808987807885
0.99766921320992	0.00199846891241894	0.000332317877661161
0.850407831770461	0.102095733527411	0.0474964347021282
0.996453039075522	0.00334307902162578	0.000203881902852058
0.983076310484724	0.0168252228508743	9.84666644022419e-05
0.810934458479532	0.189065535981189	5.53927885653163e-09
0.726413767200176	0.000273240892482106	0.273312991907342
0.890656037743059	0.109335200279963	8.76197697763448e-06
0.999389057662914	0.000294411727462584	0.00031653060962319
0.995266542141462	0.00410374959636304	0.000629708262175226
0.998690451696526	0.00119419923166021	0.000115349071813361
0.999787753054738	1.26494128109089e-05	0.000199597532450568
0.829152401439585	0.018157046291889	0.152690552268526
0.997351792809972	0.000955674132461741	0.00169253305756672
0.980006462870339	0.000302680657745476	0.0196908564719154
0.994163888739282	0.00565396109033313	0.000182150170384644
0.999407039887903	0.000543111797651031	4.98483144456336e-05
0.733704834939649	0.0137230138000817	0.25257215126027
0.980256106172426	0.0197312324430064	1.26613845680035e-05
0.999064207153969	0.000287715478145644	0.000648077367885077
0.194323540891613	1.85116357094584e-05	0.805657947472678
0.968961226240724	0.000210558362390935	0.0308282153968849
0.166673435105923	0.833326526991005	3.79030714268101e-08
0.997762458360053	0.00131477232883081	0.000922769311115867
0.000710987282550737	0.999289011300928	1.41652143443326e-09
0.999967820268962	2.0703945822154e-06	3.01093364554095e-05
0.998138470193315	0.00150342077039144	0.000358109036293355
0.997659450769093	0.00207997399081263	0.000260575240094785
0.999085160245643	0.00033091030896296	0.000583929445393703
0.993716005625931	0.00543488237820235	0.00084911199586706
0.993261674764444	0.00505436817360989	0.00168395706194581
0.809634436084204	0.190364124103681	1.4398121146331e-06
0.938906604601864	0.0519693487332721	0.00912404666486378
0.999921311084201	9.96348668924539e-06	6.87254291096594e-05
0.74159347008766	0.00018350376352991	0.25822302614881
0.996477199112979	0.00351907659823505	3.7242887860732e-06
0.714388012698991	0.285611986852912	4.48096446550019e-10
0.785202435415803	0.214358722692588	0.000438841891609261
0.00066215726703237	0.999337842659389	7.35789871146544e-11
0.96634822580539	0.0336499160844885	1.85811012157576e-06
0.973748220735319	0.0227739907173559	0.00347778854732506
0.99766996746386	0.00215495951198454	0.000175073024155575
7.35166234711438e-05	1.23829479908278e-13	0.999926483376405
0.0948233036102539	0.905151250937407	2.54454523393084e-05
0.999531076662478	0.000292590830678457	0.000176332506843615
0.998894652736889	1.73185910820684e-05	0.00108802867202845
0.899553636562011	0.10031323227254	0.000133131165448882
0.998937872728547	0.000976543039665233	8.55842317878609e-05
0.986535326006531	0.00961733876362619	0.00384733522984242
0.128756934169218	0.870826855513806	0.000416210316975985
0.932790676543049	0.0671787361936295	3.05872633209913e-05
0.994571402896838	0.000622388842797603	0.00480620826036398
0.552727542731582	0.0382833198987174	0.408989137369701
0.99766996746386	0.00215495951198454	0.000175073024155575
0.99728606371911	0.00264887851506994	6.50577658201848e-05
0.998266057633312	0.00170054938626965	3.33929804180667e-05
0.857031911488582	3.63002000030614e-05	0.142931788311415
0.99800633366105	0.00188516412317072	0.000108502215779008
0.968271000998546	0.0292894890746572	0.00243950992679699
0.991621385109508	0.00836400796122792	1.46069292638895e-05
0.928606849817604	0.0685845021433489	0.00280864803904739
4.66889865023195e-06	7.71568724752121e-11	0.999995331024193
0.996794189060545	0.00319093712780055	1.48738116548906e-05
0.9362422589	0.06243550760788	0.00132223349211956
0.998302433514131	0.000199217234398594	0.00149834925147033
0.991728777707544	0.00816318205196438	0.000108040240491464
0.998995884264993	0.0009739755246165	3.01402103905907e-05
0.60243221766634	0.397474028043043	9.37542906172389e-05
0.979177594555961	0.0207410356329999	8.13698110390695e-05
0.980468442493007	0.0195274536271868	4.10387980617439e-06
0.597467208415334	9.28035815649887e-05	0.402439988003101
0.999002915544177	0.000993593911161127	3.49054466195869e-06
0.963050450747484	0.0369365318334013	1.30174191150113e-05
0.996341977715673	0.0035600342660664	9.79880182606214e-05
0.997564531312745	0.00223650608950161	0.000198962597753059
0.697279160199606	0.00393128223682294	0.298789557563571
0.928886113634165	0.0711122667022871	1.61966354745659e-06
0.500414305293099	0.0166352505135648	0.482950444193336
0.980580425856824	0.0193781027129355	4.14714302408597e-05
0.96034463369443	1.03792318649968e-05	0.0396449870737048
0.858665228122383	0.141334584448665	1.87428951746616e-07
0.989911419194244	0.000264611264937244	0.00982396954081891
0.829638113867017	0.170360231789229	1.65434375415383e-06
0.998774235629697	0.000901038306589118	0.000324726063713834
0.000906534417316978	0.999093465553152	2.95309033316358e-11
0.0232958840367961	9.84902770764263e-07	0.976703131060433
0.966613556930533	0.0324257415627738	0.000960701506693733
0.990963532959611	0.0074120049167382	0.00162446212365069
0.996341977715673	0.0035600342660664	9.79880182606214e-05
0.508972077450415	0.491027911279778	1.12698072513182e-08
0.851386619302917	0.147241048380673	0.00137233231641036
0.992851633354381	0.0060370732733025	0.00111129337231694
0.997997215379098	0.00198992692996288	1.28576909396049e-05
0.684089260361037	0.0007748798526312	0.315135859786332
0.000404018943396268	2.384504472898e-10	0.999595980818153
0.996893234930582	0.00255067170981555	0.000556093359602472
0.000995830242069551	1.77978183049275e-06	0.9990023899761
0.54121491095303	0.458784493918464	5.95128506315384e-07
0.996068854306023	0.000468993221541408	0.00346215247243604
0.995039235605864	0.00463464310140806	0.00032612129272766
0.976802012687575	0.00322508432910652	0.0199729029833185
0.000321559169870194	0.999678440825095	5.03444445991691e-12
0.999809942877442	0.000174003380431876	1.60537421259123e-05
0.990161492774167	0.00403295819141855	0.0058055490344144
0.957300369609245	0.0323569329096889	0.0103426974810661
0.437261813729086	0.00428279722511106	0.558455389045803
0.99995197342622	1.44811643538201e-08	4.80120926158107e-05
0.991861371143921	0.00638717533044172	0.00175145352563722
0.996657072507913	0.00121176068265794	0.00213116680942945
0.999184946712472	0.000794290948442018	2.07623390863037e-05
0.903723502185198	0.0962582835923934	1.82142224088323e-05
0.999876068226035	0.000119988473513355	3.94330045196322e-06
0.995084268790001	0.000435204372129845	0.00448052683786884
0.999813205646013	0.000186613792850283	1.8056113649763e-07
0.909677438971011	0.0902043779682305	0.00011818306075829
0.999108175837888	0.000399511881686224	0.000492312280425483
0.996341977715673	0.0035600342660664	9.79880182606214e-05
0.997493806525115	0.00238622306870894	0.000119970406176168
0.0317794575120426	0.96822049491026	4.75776970423242e-08
0.996397098992286	0.00349794044744281	0.00010496056027088
0.995413126110225	0.00384515037097335	0.000741723518801597
0.991861371143921	0.00638717533044172	0.00175145352563722
0.974053589782919	0.0259434166619493	2.99355513159545e-06
0.985551245211521	0.0142170247266275	0.000231730061851575
0.978136179726095	0.000853898824741205	0.0210099214491636
0.978970634675836	0.0209563008793613	7.30644448022892e-05
0.016969860721098	0.983030132302124	6.97677771007911e-09
0.234740159074074	0.00100031673762478	0.764259524188301
0.995139872730102	0.00357266440246329	0.00128746286743436
0.979492732181395	0.0204858062567193	2.14615618858748e-05
0.99860789141647	0.000763644369380732	0.000628464214148973
0.99371997093577	0.00626694093681218	1.3088127417605e-05
0.982922427597491	0.0170651007166784	1.24716858308687e-05
0.989096675150334	0.00921251596703162	0.00169080888263473
0.271659235023519	0.72827654340936	6.42215671211375e-05
0.988399079863889	0.0112855252282256	0.000315394907885649
0.997145815493299	0.00249248292282593	0.000361701583875262
0.0227118206761343	0.97728797866945	2.00654415930284e-07
0.605759578605145	0.391935402278051	0.00230501911680332
0.000372371316396952	0.999627467464085	1.61219518195861e-07
0.996063700796629	0.00389969690014317	3.66023032279781e-05
0.0577667351422908	0.013125382226118	0.929107882631591
0.825728907280837	0.0926302587795027	0.0816408339396602
0.735630961510566	0.264352301390259	1.67370991750386e-05
0.998400521737832	0.00156075144142312	3.87268207448561e-05
0.999958963511728	2.03152549594727e-05	2.0721233312717e-05
0.879237815257177	0.120761805790828	3.78951994784879e-07
0.99654282309819	0.00336829359949798	8.88833023123404e-05
0.00622962491471101	0.993770375073369	1.1919674943442e-11
0.0312755456998438	9.90427310597258e-06	0.96871455002705
0.996893234930582	0.00255067170981555	0.000556093359602472
0.998064823700582	0.00159307385585888	0.000342102443559495
0.996754511076886	0.00321630016898143	2.91887541328889e-05
0.806853877050322	0.193124033032389	2.20899172887357e-05
0.942902323211466	0.0570946915338926	2.98525464164472e-06
0.997611665204744	0.00199854530558841	0.000389789489668064
0.958545789574762	0.0414526100480402	1.60037719761937e-06
0.998447819177033	0.00148302563409286	6.91551888743834e-05
0.215966353953492	0.784033558973684	8.70728244874941e-08
0.21823690271953	0.781762035788528	1.06149194186195e-06
0.991744245551929	0.00813450501328101	0.000121249434789996
0.99728606371911	0.00264887851506994	6.50577658201848e-05
0.999519148103271	0.000388367770618228	9.24841261111101e-05
0.000125583528408922	0.999874416471455	1.36039210301689e-13
0.99146077902346	0.00108720190820967	0.00745201906833005
0.995599000942098	0.0036647320363287	0.000736267021573047
0.000101754446556319	0.999898245553182	2.62063310581948e-13
0.987548080211815	0.0123796041321466	7.23156560380352e-05
0.915938460096144	0.0122065350431953	0.0718550048606604
0.996165607016796	0.00379574434055086	3.8648642652693e-05
3.41804882947142e-07	0.999999658150957	4.416003760285e-11
1.69342839290482e-08	3.8527112720029e-16	0.999999983065716
0.000717380182781987	1.18692752589186e-09	0.999282618630291
0.999592016371607	0.00030996651345401	9.80171149394468e-05
0.873881314130827	0.000577694894137464	0.125540990975035
0.997893735031658	0.00210290549969992	3.35946864210592e-06
0.854299077846394	0.138139043857048	0.00756187829655779
0.997963459225568	1.2163535152929e-05	0.00202437723927869
0.999274396782191	0.000715303897975329	1.02993198336518e-05
0.113988034729125	0.00019379241389277	0.885818172856982
0.000249592291312841	1.82342762179086e-11	0.999750407690453
0.999729398545029	2.923461700611e-05	0.000241366837965265
0.996817506930687	0.0031798429207076	2.65014860585104e-06
0.996545161777104	0.000668292372458057	0.00278654585043757
0.00227127158822649	0.997728656153258	7.22585157273666e-08
0.776937336197677	0.222774538289586	0.000288125512737744
9.0646545492888e-06	7.98191128306368e-11	0.999990935265632
0.506024564467615	0.493965569581137	9.86595124727513e-06
0.840405746233417	0.159314960314735	0.000279293451847524
0.997866542949875	0.00170456862839691	0.000428888421727627
0.995939508255997	0.00394661948081616	0.000113872263186697
0.997854826005935	0.000109300195910192	0.00203587379815465
0.988476506252807	0.011464096551981	5.93971952114761e-05
0.988574918043496	0.0114201093556346	4.97260086962859e-06
0.926372670984603	0.0688952314991903	0.0047320975162067
0.999968848398733	2.84969679591648e-05	2.65463330754846e-06
0.998825000744926	0.00116059595701194	1.44032980624806e-05
0.991576605252071	0.00841389417980624	9.50056812312667e-06
0.994664486144106	0.000469296613271842	0.00486621724262243
0.0228793711730571	0.970607263340366	0.00651336548657721
1.69902180495407e-05	0.999983009781799	1.51485869369436e-13
0.993236257024282	0.00671740672513317	4.63362505847389e-05
0.995919977234767	0.00114229258002035	0.00293773018521305
0.357168204390071	0.642830947213533	8.48396395671339e-07
0.760722228547992	0.239276754635928	1.01681607970828e-06
0.999645744027034	0.000320563220534666	3.36927524314868e-05
0.643192532652166	0.356786456132645	2.10112151885648e-05
0.996965990199274	0.00296320230727183	7.08074934538009e-05
0.930758431559428	0.000500190021785127	0.0687413784187874
0.997521983083848	0.000997345402524637	0.00148067151362741
0.992170220826894	2.57131711013242e-05	0.00780406600200481
0.0753803481527635	0.924619640606768	1.12404680742969e-08
0.000399425402716565	0.999600574496996	1.00287928396687e-10
0.99726567973493	0.00209659383641539	0.000637726428654481
0.992383264147759	0.0022529895460505	0.00536374630619001
1.51427328810796e-06	0.999998485726712	3.65742396445828e-17
0.830366674223738	0.169628186236954	5.13953930849884e-06
0.995161473918769	0.00474213943259217	9.63866486386402e-05
0.030634968629062	0.969356863571622	8.16779931627223e-06
0.999249652066486	4.11203276465867e-05	0.0007092276058678
0.0001649451176022	0.99983505488236	3.75226325424199e-14
0.983957756709627	0.00404523054870476	0.0119970127416685
0.996341977715673	0.0035600342660664	9.79880182606214e-05
0.997512838291325	0.00156203550588428	0.000925126202790398
0.989066395622776	0.00069764407392892	0.0102359603032954
0.998813214692445	0.000790763104604068	0.000396022202951195
0.9975164781422	0.000304324455182677	0.00217919740261771
0.99931656718306	5.3445947467261e-06	0.000678088222193015
0.0228359156493137	0.977164083184441	1.1662450646478e-09
0.704921742632542	0.295072850539712	5.40682774619504e-06
0.905774538262903	0.0938345466842671	0.000390915052829824
0.827012391185529	0.17298741537026	1.9344421130882e-07
0.939294029540312	0.00468304942145443	0.0560229210382332
0.705855223814229	0.294143055279807	1.72090596412705e-06
0.191740076435626	0.808247091829892	1.2831734482387e-05
0.892429503297734	0.107535338481193	3.51582210734904e-05
0.903142723345266	0.0957937328948828	0.00106354375985097
0.999681666016165	0.00016489464386447	0.000153439339970819
0.828685264582277	0.171199502831271	0.000115232586451976
0.648345738637253	4.60203523226261e-05	0.351608241010424
0.998671631928507	3.77785643271562e-05	0.00129058950716568
0.81898633324655	0.180469780113793	0.000543886639656148
0.893087961340062	0.106908060071249	3.97858868869863e-06
0.99039495653117	0.00956449478603516	4.05486827943864e-05
0.98559938128238	0.0143859361721021	1.46825455180198e-05
0.0431262348855456	3.96261007932529e-09	0.956873761151844
0.570328418953211	6.96903455373607e-06	0.429664612012235
0.984428293985385	0.00334604508412063	0.0122256609304947
0.985109586693217	0.0126956675512898	0.00219474575549341
0.949618962299196	0.0117964652469915	0.0385845724538128
0.990963532959611	0.0074120049167382	0.00162446212365069
0.996341977715673	0.0035600342660664	9.79880182606214e-05
0.70355174565759	0.000421837267119484	0.296026417075291
0.985486077222133	0.0144773456432012	3.65771346658191e-05
0.428665123542797	0.571334463487051	4.12970151934263e-07
0.157228373026091	0.842741101396088	3.05255778206608e-05
0.999153727973632	0.000653526223926749	0.00019274580244143
0.997332814610898	0.00228252218313783	0.000384663205964172
0.997867940169888	0.0012328635536558	0.000899196276455812
0.93970320806073	0.000244349541424186	0.0600524423978458
0.99728606371911	0.00264887851506994	6.50577658201848e-05
0.0525351622535483	0.947464837227626	5.18825292019513e-10
0.998927303861212	0.000648149471606546	0.000424546667181237
0.993779288189413	0.00605641072738432	0.000164301083202406
0.475889807264993	0.112683257517017	0.411426935217989
0.303698883635015	0.00119037600181589	0.695110740363169
0.986212305431149	0.000289661035105485	0.0134980335337455
0.879412182819102	0.120587479955719	3.3722517820908e-07
0.466775523159669	0.533223193423966	1.2834163654837e-06
0.99859206576651	0.00114402667846675	0.000263907555022969
0.989692414343554	0.010305000538568	2.58511787775757e-06
0.974485445831835	0.025510447065965	4.10710219946242e-06
0.993838246903368	0.00358404845673268	0.00257770463989985
0.961431918842423	0.00288068778078787	0.0356873933767893
0.999936329918503	1.84603753102511e-05	4.52097061867442e-05
0.999210061242201	0.000392900795968169	0.000397037961831117
0.999896032494358	9.74007439788085e-05	6.56676166364792e-06
0.991651708494233	0.00834105015395048	7.24135181615937e-06
0.945774463290525	0.0464689850321634	0.00775655167731146
0.0191659855220586	0.9808340128083	1.66964132196408e-09
0.543236782124782	0.456752428185214	1.07896900042391e-05
0.285462027740434	0.714535525513459	2.44674610677982e-06
0.63537057985355	0.364596653234863	3.2766911586703e-05
0.107242730036796	8.21235784070458e-06	0.892749057605364
0.00409490932352045	0.995897790454776	7.30022170318259e-06
0.994232809507732	0.00056886573937285	0.00519832475289474
0.977888298977195	0.00752865509436847	0.014583045928437
0.998518940274927	0.00107237699579354	0.000408682729278961
0.999144608689903	0.000687807348567039	0.000167583961530247
0.84727579576606	0.140650868794638	0.0120733354393022
0.714054243143826	0.000861687475742965	0.285084069380431
0.914836692728683	4.71063894827264e-05	0.0851162008818345
0.958762261431568	0.041227744896257	9.99367217500379e-06
0.776179140416635	0.223703211329235	0.000117648254129576
0.94674653334078	0.00315302532017832	0.0501004413390414
0.9951985784388	0.0039875506257019	0.000813870935498078
0.999734958719833	0.000216893333937736	4.81479462291086e-05
0.830685392976471	0.000218235789959295	0.169096371233569
0.165502769728217	0.834367285714336	0.000129944557446827
0.798037011214779	0.201900009737725	6.29790474961858e-05
0.0239308287457551	0.976069007462883	1.63791361751336e-07
0.996469941151863	0.00345236858145061	7.76902666860175e-05
0.871922298208117	0.125411349600756	0.00266635219112691
0.946133993972456	0.0538659960910057	9.93653869096582e-09
0.994641808705416	0.000871152416692093	0.00448703887789193
0.996177176770094	0.00352545643655366	0.00029736679335211
0.999313913022457	9.21572690457222e-05	0.000593929708497786
0.925134110348292	0.0720713957632974	0.00279449388841055
0.966247233158011	0.0263598853868864	0.00739288145510253
0.997694289369777	2.95494060483181e-06	0.002302755689618
0.998025418119877	0.00152583390242202	0.000448747977700502
0.976871942058255	0.0011359233013798	0.0219921346403653
0.784571550132188	0.215359866012159	6.85838556528447e-05
0.983003213602105	0.0169893867991984	7.39959869674264e-06
0.00530986209856064	0.994690135104608	2.79683159984336e-09
0.981886563616197	0.00657394289380747	0.0115394934899958
0.659246528914067	0.340724430902159	2.90401837733382e-05
0.997144978851395	0.0025459828910219	0.000309038257583258
0.223905084575821	0.000542839251595813	0.775552076172583
0.997075077282541	0.00243066246479323	0.000494260252665707
0.999949145855859	4.76905432004257e-05	3.16360094100277e-06
0.586606372129096	8.45178934921828e-06	0.413385176081554
0.431082946128718	0.568442626121797	0.000474427749485071
0.645564505767905	0.328090679478316	0.0263448147537792
0.750270209848441	2.72197569626132e-08	0.249729762931803
0.000405602155122543	0.999594397844876	1.69785948214851e-15
0.985502348048586	0.01414633469707	0.000351317254343658
0.424923693148407	0.575071735923836	4.57092775692697e-06
0.998912513790528	0.000453846786824966	0.000633639422647182
0.848884050182466	0.0166834160749376	0.134432533742597
0.00066965062701189	0.999330349223868	1.49120185132644e-10
0.894293557571514	0.000108499311210418	0.105597943117275
0.0987043996063866	0.901294248649079	1.35174453437606e-06
0.997427732714337	0.00245168453185017	0.00012058275381297
0.550552514612535	0.00284048509001664	0.446607000297449
0.996147517670031	6.90403341680183e-06	0.00384557829655197
0.997372603152494	0.0025958301875272	3.15666599783899e-05
0.977540045572479	0.0224377949749261	2.21594525946788e-05
0.363963526564167	0.636036471567318	1.86851508908298e-09
5.30870969724444e-05	0.999946911314407	1.58862019119232e-09
3.87497710833675e-05	2.33835430103664e-11	0.999961250205533
0.993667539366324	0.00604142847202617	0.000291032161649508
5.81206040529622e-05	0.999941879395233	7.14336936720058e-13
0.627033479724855	0.000758090575133409	0.372208429700012
0.999919960271018	7.06546922738751e-05	9.38503670836738e-06
0.99604062210651	0.00394630972800328	1.30681654868784e-05
0.940302799541876	0.0523296241517587	0.00736757630636573
0.594420684566104	2.93552698291417e-06	0.405576379906913
0.999621725030062	6.83739520313778e-05	0.000309901017907137
0.944764703497751	6.79176363669572e-09	0.0552352897104856
0.00945860003969601	0.990541147115395	2.52844908472499e-07
0.9970862221318	0.00291263320764154	1.14466055836326e-06
0.974431805795606	0.024328772398902	0.00123942180549223
0.996467086601367	0.00345521191877136	7.77014798614798e-05
0.975852039509145	0.0241202825008301	2.76779900249835e-05
0.124103644473277	0.0183323430432409	0.857564012483482
0.996940332115518	0.00199121101421609	0.00106845687026598
0.999980792439372	1.91410638125441e-05	6.64968156370404e-08
0.968000624475832	0.000266291676607685	0.0317330838475598
0.995193609313984	0.000549295128928714	0.00425709555708751
0.17028235181654	0.829717612836612	3.53468478006585e-08
0.992790564129882	0.00716341858411666	4.60172860016133e-05
0.0756984273316245	0.924301509476683	6.3191692428762e-08
0.986917110925044	0.00204176779418965	0.0110411212807668
0.0633066125474468	0.936693360833731	2.66188219877091e-08
0.98787880843933	0.0121204640800841	7.27480585614786e-07
0.999555952030542	0.000314694382568528	0.000129353586889161
0.993872007175253	0.00299566352438314	0.00313232930036345
0.0431317177777501	0.956868269034143	1.3188107197612e-08
0.957777220328233	0.0422224747375828	3.04934184274114e-07
0.996453039075522	0.00334307902162578	0.000203881902852058
0.999580796898413	4.03796077421506e-05	0.000378823493845046
0.992283730310212	0.00762489050650071	9.13791832873978e-05
0.997329841270831	0.00244263164060782	0.000227527088560632
0.995688587685202	0.00430816285396688	3.24946083112662e-06
0.999742699732423	0.000130083264085248	0.000127217003491434
0.999783194834099	0.000202547372653123	1.42577932473685e-05
0.468617965798103	0.531381922942499	1.11259397896955e-07
0.985636967297523	0.014362998036133	3.46663439285579e-08
0.997411432952486	0.00187732374605939	0.000711243301454203
7.15385114115919e-09	3.93567347121916e-21	0.999999992846149
0.838670482516641	0.160129196813009	0.00120032067034993
0.425843590068737	0.574154019249062	2.39068220128582e-06
0.821453272694836	0.178546516001995	2.11303169406753e-07
0.27812019400047	0.721868495899663	1.13100998671739e-05
0.810416485132652	0.188865341803902	0.000718173063446241
0.999628656664665	0.000233795965591075	0.00013754736974394
0.000659072851319459	0.99934092714669	1.99064246162836e-12
0.997386976995159	0.00254098472802959	7.20382768113054e-05
0.999831288659982	7.86908175222336e-07	0.000167924431843011
0.998436660806794	2.27944334414443e-06	0.00156105974986227
0.995809765303675	0.00405386629646741	0.00013636839985794
0.97999059769078	0.0198320924137014	0.0001773098955183
0.552549309942483	0.447450397063261	2.9299425584958e-07
0.996686507566474	0.00331283388533996	6.58548186255528e-07
0.83056329272061	0.167823485602411	0.00161322167697933
0.772158852360896	0.227507018695167	0.000334128943937152
0.788938910072838	0.210811149088726	0.000249940838436375
0.0693468755808966	0.93065262425604	5.00163063895331e-07
0.993278605920007	0.000131971107109516	0.00658942297288328
0.694411816770918	0.0834151374552481	0.222173045773834
0.593488850494343	0.406509761702903	1.3878027536759e-06
0.984820403957246	0.000370534215249545	0.0148090618275046
0.986019876884109	0.0137831809742754	0.000196942141615558
0.845226786411119	0.000586250635025825	0.154186962953855
0.996735335486928	0.00297266257503005	0.000292001938041601
