0.848987067364308	0.136812616697199	0.0142003159384937
0.908069172006899	0.0801590012944103	0.0117718266986905
0.897921808085795	0.0888901956023323	0.0131879963118727
0.799847436654553	0.131042389028603	0.0691101743168445
0.81636504953059	0.163610699969218	0.0200242505001925
0.881605642460968	0.105585876360369	0.0128084811786634
0.864965628264537	0.120960607915853	0.0140737638196104
0.88825157794571	0.0998605694859113	0.0118878525683789
0.840212807492142	0.129410452033286	0.0303767404745724
0.711274303434665	0.198863757561677	0.0898619390036576
0.648018523217594	0.261928246378659	0.0900532304037473
0.440313609642463	0.295540581330223	0.264145809027315
0.776706909011688	0.159005162884319	0.0642879281039934
0.799711307415637	0.171574515070932	0.0287141775134311
0.859346665143149	0.126722317222156	0.0139310176346958
0.727568371009533	0.191792697761392	0.0806389312290754
0.820495689240523	0.152334551052393	0.0271697597070833
0.789143886092211	0.156927127823288	0.0539289860845013
0.779388517632847	0.192300630366688	0.0283108520004652
0.886742397612218	0.0994487238505691	0.0138088785372133
0.858886539972131	0.105749379171619	0.03536408085625
0.677249914905942	0.285064595663343	0.0376854894307155
0.577745085524803	0.169110058541354	0.253144855933843
0.830259612633809	0.152888463373901	0.0168519239922903
0.721955260886948	0.257332148382419	0.020712590730633
0.821827132896924	0.159808562734166	0.0183643043689094
0.733857886938337	0.22569303284998	0.0404490802116828
0.826652065677856	0.133742616893597	0.0396053174285475
0.821048946330598	0.165651440536949	0.0132996131324536
0.840359505659386	0.143823180165013	0.0158173141756009
0.844593575172146	0.133371997476351	0.0220344273515032
0.82864249947999	0.150303197424067	0.0210543030959428
0.868639482220011	0.117882262484351	0.0134782552956385
0.834800353115276	0.148517515082051	0.0166821318026726
0.844053541705768	0.14623199951861	0.00971445877562205
0.837837557426652	0.12897141117011	0.0331910314032376
0.773485040062679	0.196471187128569	0.0300437728087516
0.810180241113954	0.17557872536986	0.0142410335161857
0.83583782772461	0.143233053900508	0.0209291183748825
0.80952917007575	0.171808348415723	0.0186624815085276
0.835658573034192	0.153818127122756	0.010523299843052
0.843747546424854	0.141356866153096	0.0148955874220506
0.515894439974622	0.171066507319965	0.313039052705413
0.860482476337353	0.103134150630286	0.0363833730323611
0.821888590945974	0.166651035145373	0.0114603739086526
0.801403292017865	0.185099813283903	0.013496894698232
0.862906602211975	0.115044802163812	0.0220485956242124
0.880360738994433	0.10508388882672	0.0145553721788467
0.797572774576827	0.185126673601373	0.0173005518217999
0.81983768225941	0.149612376453822	0.0305499412867687
0.817701244108624	0.150834449107735	0.0314643067836409
0.610002298818716	0.256773059576914	0.133224641604371
0.795712259214523	0.181398387476915	0.0228893533085627
0.538579582903594	0.143277986103922	0.318142430992484
0.860251018001096	0.124177261607281	0.0155717203916233
0.81151054994532	0.171911176345389	0.016578273709291
0.86366296267488	0.125276977476718	0.0110600598484021
0.777808370577599	0.148226658118785	0.0739649713036154
0.792432635790079	0.190286801699407	0.0172805625105142
0.77499681278794	0.211485276089976	0.0135179111220841
0.388025053450491	0.17545629833697	0.436518648212539
0.614679877545392	0.275443709109835	0.109876413344774
0.86244061482189	0.119517388315484	0.0180419968626269
0.855031552122481	0.131580620549682	0.0133878273278366
0.780063211041634	0.170808721655234	0.0491280673031323
0.715253384504337	0.139680135370081	0.145066480125582
0.390870932279527	0.234613193087543	0.37451587463293
0.895273068205029	0.0911870065804165	0.0135399252145542
0.85171850233953	0.135679120280107	0.0126023773803624
0.830155756768556	0.130684932478842	0.0391593107526016
0.810139406007598	0.174272508195502	0.0155880857969001
0.291008437618386	0.387291973113331	0.321699589268284
0.820148419422098	0.13286757299916	0.0469840075787426
0.655860373641354	0.2594881358717	0.0846514904869455
0.794888752230109	0.15402522682904	0.0510860209408516
0.777639746841068	0.206646105886287	0.0157141472726455
0.770057703848548	0.204808652202976	0.0251336439484757
0.866142947401349	0.121720710109198	0.0121363424894534
0.884016969686157	0.0983848403762372	0.0175981899376063
0.8177308499345	0.164972874634639	0.0172962754308615
0.588563796340671	0.333248761810969	0.0781874418483601
0.737165070737169	0.1798291943867	0.0830057348761319
0.766252992424991	0.161712951660861	0.0720340559141486
0.733485322967365	0.240593273261061	0.0259214037715741
0.81333659772081	0.141862387427704	0.0448010148514863
0.815528357529042	0.163702565200368	0.0207690772705907
0.828362368843457	0.153487403494797	0.0181502276617456
0.833483735592077	0.133460966526674	0.033055297881249
0.653610171106022	0.310004527278255	0.0363853016157229
0.873005658366746	0.11562106433687	0.0113732772963836
0.8745847892779	0.110369893144386	0.0150453175777144
0.744693735024162	0.231784130897219	0.023522134078619
0.884852169881243	0.0875755989856441	0.0275722311331125
0.78017621775975	0.206349829660629	0.0134739525796209
0.80583084719862	0.177127804852663	0.0170413479487175
0.867299326912002	0.100310247693523	0.0323904253944746
0.788195321596798	0.175329062426166	0.036475615977036
0.858681011555461	0.12714029607251	0.0141786923720289
0.842663697939126	0.142997691285486	0.0143386107753885
0.887318790402056	0.097795958181479	0.0148852514164648
0.866083750625771	0.114941090264132	0.018975159110097
0.908180793624976	0.0793588330879463	0.0124603732870779
0.885590238106265	0.0972837543087079	0.0171260075850274
0.698008188640508	0.131652713664899	0.170339097694593
0.814993668668602	0.16989579287043	0.0151105384609674
0.901864486411135	0.0869968414643592	0.0111386721245055
0.823367015777146	0.16426460933929	0.0123683748835639
0.838542787246039	0.140022465964493	0.0214347467894679
0.772689642244948	0.1586098473839	0.0687005103711513
0.838243623955635	0.143517232938018	0.0182391431063473
0.800412173432804	0.176882557555959	0.0227052690112371
0.838676497596792	0.13357870352817	0.0277447988750384
0.717016986508783	0.159046974477291	0.123936039013926
0.759944938947677	0.221575913207623	0.0184791478447001
0.819213636064279	0.151450148457972	0.0293362154777488
0.878525382987773	0.108793505306356	0.0126811117058708
0.884720513404778	0.102803630273857	0.0124758563213651
0.863529419400097	0.119555417144594	0.0169151634553089
0.879544157347763	0.106141539653532	0.0143143029987044
0.856166426093368	0.130911544069139	0.0129220298374927
0.862167887050145	0.105987592891697	0.031844520058158
0.854522353500191	0.133048997559387	0.0124286489404214
0.817812567128931	0.169631674648974	0.012555758222095
0.417943319159648	0.275623023670527	0.306433657169825
0.369904608845197	0.15534533807369	0.474750053081113
0.737251440350648	0.169123259735201	0.0936252999141514
0.884976370808033	0.0987215902861412	0.0163020389058254
0.537805832457211	0.14782986541515	0.314364302127638
0.801664251083028	0.181717603452431	0.0166181454645407
0.811949946102642	0.138585290816783	0.0494647630805749
0.833555654436036	0.134582035694053	0.0318623098699105
0.832462501678959	0.14841952028469	0.0191179780363504
0.518779062284838	0.212325778105537	0.268895159609624
0.839919111352997	0.139654802626783	0.0204260860202204
0.817989162306201	0.159071377085366	0.0229394606084332
0.813728253709946	0.176656488718628	0.00961525757142569
0.855513355849679	0.126689744108508	0.0177969000418134
0.877940450504969	0.109226923409795	0.0128326260852366
0.872273361868079	0.112471298826891	0.0152553393050302
0.720012143263761	0.25076069308678	0.0292271636494584
0.888554212961758	0.0987476661392989	0.0126981208989435
0.794335308943865	0.163873150070133	0.0417915409860022
0.799790425280126	0.150536380448197	0.0496731942716769
0.873603967420038	0.106002403068151	0.0203936295118114
0.899424581458955	0.0853474036087399	0.015228014932305
0.81268695621213	0.173778127889463	0.0135349158984069
0.785423990663404	0.178183283230658	0.0363927261059386
0.806533082926678	0.158761177734524	0.0347057393387975
0.00594530602218248	0.00566945442403685	0.988385239553781
0.756288986549114	0.204595235407634	0.0391157780432523
0.702271856402777	0.147426849466004	0.150301294131219
0.807929252015255	0.172441812051679	0.0196289359330655
0.832333196218861	0.151117694593045	0.0165491091880941
0.842950915291913	0.124622830167237	0.0324262545408497
0.837935963729187	0.147672637088027	0.0143913991827854
0.7995608934806	0.168340981063524	0.032098125455876
0.852151098655844	0.13286289459724	0.0149860067469167
0.830978489400653	0.153925830534023	0.0150956800653234
0.797704070859615	0.18197278321914	0.0203231459212454
0.849774524431937	0.118712672215701	0.0315128033523611
0.865177841461633	0.122261429827696	0.0125607287106709
0.874050595570547	0.113883118682813	0.0120662857466397
0.707842409326358	0.159626523449455	0.132531067224187
0.885053669939051	0.0994080580590002	0.0155382720019485
0.855438951220964	0.125707307393344	0.0188537413856922
0.844193604320438	0.136929486190814	0.0188769094887479
0.896161439019913	0.0928282628860871	0.0110102980940001
0.828364346982402	0.141838234956149	0.0297974180614498
0.800106647342076	0.184998569279448	0.0148947833784762
0.795884729478378	0.148788285559545	0.0553269849620774
0.748681355462508	0.141626971387338	0.109691673150155
0.875472332067689	0.0953624113471464	0.0291652565851644
0.788140402915894	0.198434593655894	0.013425003428212
0.809995992303501	0.170948577467213	0.0190554302292863
0.84610565065555	0.134398750903156	0.019495598441294
0.873113459147036	0.112377492671775	0.014509048181189
0.905871963024671	0.0738569184764139	0.0202711184989153
0.745268446059832	0.198746941655846	0.0559846122843218
0.809305915550615	0.137949507371965	0.0527445770774197
0.797648030348027	0.180882072102304	0.0214698975496693
0.72142903128329	0.250667553015462	0.0279034157012476
0.792356239909021	0.189176120983342	0.0184676391076362
0.884018140755996	0.102730183371301	0.0132516758727027
0.843599896908465	0.0791482634279345	0.0772518396636008
0.885988846338689	0.101833580880896	0.012177572780415
0.815583753032144	0.152889689952392	0.0315265570154646
0.784261770144805	0.145863895631489	0.0698743342237062
0.775402135200517	0.196415144354728	0.0281827204447552
0.853661768957539	0.13026703667262	0.0160711943698406
0.708689462378269	0.163041825179336	0.128268712442395
0.857886186188004	0.128055098678072	0.0140587151339241
0.845178977428223	0.141615702149843	0.0132053204219346
0.617332972261062	0.201122607298455	0.181544420440483
0.8231048831558	0.158930030682387	0.0179650861618122
0.793387966002214	0.158146149718058	0.0484658842797278
0.836306854767682	0.122952613120403	0.0407405321119142
0.812387366429235	0.162452105183954	0.0251605283868111
0.923623588711719	0.0633321557457654	0.0130442555425153
0.844349979361323	0.142954097952697	0.0126959226859791
0.825249954673865	0.155817336354218	0.0189327089719171
0.810660381492748	0.176324294666073	0.0130153238411789
0.577130101192488	0.260867715928718	0.162002182878794
0.753180973145841	0.225343461507806	0.0214755653463534
0.858070579097909	0.126466714191809	0.015462706710282
0.790602173739546	0.190314472080357	0.0190833541800963
0.83958274168706	0.148730785867722	0.0116864724452177
0.815725523646453	0.14628390866316	0.0379905676903869
0.492211375685421	0.26547627412304	0.242312350191538
0.83545185168357	0.150906309014379	0.0136418393020514
0.857404655401544	0.130385094977081	0.0122102496213743
0.855562062336515	0.131841579250251	0.0125963584132341
0.787888639790424	0.162964555509782	0.0491468046997945
0.809793476761747	0.167880961109086	0.0223255621291677
0.866999474153396	0.113672905836125	0.0193276200104785
0.432406410222801	0.204371432332206	0.363222157444992
0.728105638424285	0.218815822138188	0.0530785394375267
0.859848378431084	0.125468890223629	0.0146827313452874
0.785614022715806	0.156919339585504	0.0574666376986901
0.705446723054213	0.227202506513123	0.067350770432664
0.86048833640855	0.126060140295544	0.013451523295906
0.753630292444082	0.229652807296772	0.0167169002591459
0.758443308941918	0.221766313185814	0.0197903778722684
0.816097062296487	0.1363506427075	0.047552294996013
0.80706823339143	0.170262272217045	0.0226694943915251
0.867305122170601	0.0997578677164104	0.0329370101129886
0.799684608928839	0.180914519653782	0.0194008714173789
0.847643887682398	0.130846525457068	0.021509586860534
0.853900608604715	0.109931456377729	0.0361679350175556
0.880743735149594	0.099808847119995	0.0194474177304112
0.781690676884507	0.185707958347628	0.032601364767865
0.791650711242454	0.191307648348542	0.0170416404090041
0.748214828601801	0.187297368175008	0.0644878032231913
0.882255563677309	0.103822029055378	0.0139224072673129
0.835710728830846	0.150098089137558	0.0141911820315954
0.822885022049434	0.132185907061168	0.0449290708893972
0.862103684472076	0.106349601789531	0.031546713738393
0.785683593649907	0.193374343168112	0.0209420631819806
0.864860712031449	0.117780008653581	0.0173592793149698
0.815822332922594	0.164730581980767	0.019447085096639
0.868429936359454	0.11131699364865	0.0202530699918951
0.833476954868931	0.147277625550961	0.0192454195801085
0.632191279634422	0.346681400963879	0.0211273194016986
0.509768541199147	0.167947264467277	0.322284194333576
0.856029590082349	0.125568372379085	0.0184020375385659
0.572213298673169	0.224435605611827	0.203351095715003
0.887507747389198	0.100009284168111	0.0124829684426906
0.850900269656936	0.133322030343746	0.0157776999993181
0.829642762076187	0.154003050000719	0.0163541879230941
0.561950620131906	0.178874136418914	0.259175243449181
0.855823190519829	0.131011628388062	0.0131651810921084
0.382868799148545	0.253775735899639	0.363355464951816
0.859555364353692	0.126776322678393	0.0136683129679145
0.776902499845647	0.17439601709892	0.0487014830554336
0.826429825704882	0.156980265180137	0.0165899091149812
0.835349731676153	0.133817804893986	0.0308324634298612
0.793006518026899	0.165641898656229	0.0413515833168717
0.876974110330728	0.112841946539438	0.0101839431298341
0.868625237790559	0.101236460074828	0.0301383021346136
0.845535654317105	0.14277272556822	0.011691620114675
0.84472989988551	0.132621237013257	0.0226488631012322
0.852767762660015	0.12568730207738	0.0215449352626048
0.758719241414149	0.171965639575329	0.0693151190105224
0.826447615314971	0.163900497864119	0.00965188682091021
0.765393099780966	0.219448499375994	0.0151584008430399
0.801653685432209	0.185699327111349	0.0126469874564427
0.78592380402082	0.194047532465938	0.0200286635132414
0.870137046747187	0.117149396674592	0.0127135565782209
0.838405353328075	0.147877884449079	0.0137167622228456
0.868855531301357	0.115506366065634	0.0156381026330086
0.853305084899767	0.13328139686882	0.0134135182314129
0.57022480680096	0.270890750699205	0.158884442499836
0.668805716331925	0.239887094569648	0.0913071890984273
0.866932251278761	0.118655679267549	0.0144120694536898
0.843865128685008	0.142087089196204	0.0140477821187881
0.84521962303002	0.143200972472261	0.0115794044977195
0.254290905538389	0.192490581307001	0.55321851315461
0.859092785504334	0.12723184742618	0.0136753670694867
0.877932753870913	0.107221127120565	0.0148461190085216
0.833581106113855	0.135946303738927	0.0304725901472177
0.793383663664576	0.183948867006137	0.0226674693292868
0.856537063825146	0.117147522930357	0.0263154132444965
0.56178608660168	0.331481317030137	0.106732596368182
0.84783671110798	0.116664976961965	0.0354983119300551
0.878599834904359	0.107127641085557	0.0142725240100844
0.829289545273911	0.149608125825018	0.0211023289010717
0.776824108497538	0.171717214220391	0.0514586772820717
0.895800517676714	0.0900067953072151	0.014192687016071
0.738007176489874	0.190608704001781	0.0713841195083445
0.843067422595434	0.143236155321786	0.0136964220827801
0.86135931776285	0.120101434166636	0.0185392480705139
0.823729741825557	0.16453379263119	0.0117364655432534
0.849548345585375	0.0682268278581246	0.0822248265565009
0.460132808905853	0.156151650473675	0.383715540620472
0.814981294421036	0.148271612488195	0.0367470930907692
0.743930798299556	0.182767823121641	0.0733013785788026
0.863008161159656	0.124348525376387	0.0126433134639566
0.569038179716012	0.250892135120024	0.180069685163964
0.83413790543797	0.0955206960259146	0.0703413985361155
0.873413474222492	0.100963050869073	0.0256234749084355
0.894776342160809	0.0819500548630232	0.023273602976168
0.856298088118007	0.129818545911285	0.013883365970708
0.884498649825772	0.0996882439526123	0.0158131062216161
0.86461141073358	0.104392836935783	0.0309957523306369
0.803120755665721	0.178847174300809	0.0180320700334699
0.87818189573386	0.0977551464816305	0.0240629577845099
0.521652790951022	0.126318249047086	0.352028960001892
0.867329458868562	0.106217523704666	0.0264530174267718
0.251628149955761	0.175050511764334	0.573321338279904
0.851611447928789	0.125235600655126	0.0231529514160849
0.832578875700546	0.147135532812468	0.0202855914869852
0.762602959378314	0.212245478810724	0.0251515618109623
0.800370346760156	0.171457490094957	0.0281721631448861
0.886857349770006	0.0992201472137249	0.013922503016269
0.874196843240376	0.103379049904472	0.0224241068551525
0.838970308967567	0.138389903439736	0.0226397875926966
0.809052882367096	0.173404981593252	0.0175421360396524
0.74690531152987	0.145968449578661	0.107126238891469
0.752328874455605	0.222129592997007	0.025541532547388
0.853794639752293	0.102052466182918	0.0441528940647888
0.681145554076747	0.197199497543387	0.121654948379866
0.894541260784677	0.0952419604950609	0.0102167787202617
0.818499604417252	0.131771409896628	0.0497289856861195
0.86088182885751	0.128180213563172	0.0109379575793179
0.63474481362341	0.278423663706939	0.0868315226696515
0.861154967480712	0.125626224860379	0.0132188076589085
0.77139344767622	0.202032616332224	0.0265739359915556
0.872576295888215	0.113877920450013	0.0135457836617716
0.170657896968714	0.172642161714051	0.656699941317235
0.734976793079867	0.148563515106903	0.116459691813231
0.758647179368392	0.20704094804697	0.0343118725846385
0.801238310080384	0.135678736956785	0.0630829529628313
0.849921740688956	0.130890512220251	0.0191877470907938
0.866902687337037	0.1134569444419	0.0196403682210628
0.774575943311999	0.19269127012878	0.0327327865592208
0.557059133924158	0.338150726371604	0.104790139704238
0.724638264193742	0.256303775451716	0.0190579603545417
0.881826325524351	0.0875370003487376	0.0306366741269118
0.616182601659534	0.180512389593284	0.203305008747182
0.865222842390596	0.122056812475369	0.012720345134035
0.876732012160146	0.113080789795531	0.0101871980443222
0.84214038666789	0.140792955882448	0.0170666574496612
0.718466196721968	0.213829315864009	0.0677044874140232
0.849936613548661	0.137416449988564	0.0126469364627751
0.835301898730341	0.144947125921533	0.0197509753481256
0.883140165563795	0.105527227505562	0.0113326069306436
0.828322283446247	0.123533460211064	0.0481442563426895
0.557094535691733	0.117586738613717	0.32531872569455
0.843981045476974	0.136141365738874	0.019877588784152
0.850057386857836	0.124686438929354	0.0252561742128106
0.82225575173591	0.161500096976285	0.0162441512878051
0.808704399665618	0.177035458261778	0.0142601420726039
0.860766000329894	0.123294115020482	0.0159398846496233
0.731917207754699	0.218347090992326	0.0497357012529752
0.846534308844671	0.136250545276573	0.0172151458787565
0.830397952035509	0.146806782464273	0.0227952655002181
0.778927614081215	0.130735004865633	0.0903373810531514
0.838386357175775	0.144546711258654	0.0170669315655719
0.64883559687501	0.278809067766439	0.072355335358551
0.890780966825946	0.0978056559776712	0.0114133771963829
0.818620540908999	0.166060966292676	0.0153184927983255
0.692429046287412	0.24017603797634	0.0673949157362475
0.724719905159644	0.200626111749236	0.0746539830911208
0.765270242372896	0.140941418530216	0.0937883390968878
0.881192875364489	0.106699327777885	0.0121077968576256
0.817562572184076	0.154796581691879	0.0276408461240451
0.784389426183376	0.195763070516856	0.0198475032997674
0.901583772320169	0.0787027416352452	0.0197134860445857
0.868365928769258	0.115972980884891	0.0156610903458512
0.834164704354341	0.152314071976585	0.0135212236690733
0.799194346057034	0.143517800877219	0.0572878530657468
0.475390124877958	0.129142713551954	0.395467161570088
0.829328575978139	0.141248966100839	0.029422457921022
0.792637897859802	0.188864181257098	0.0184979208831001
0.882100573642989	0.105877141896046	0.0120222844609652
0.843743623988545	0.140716039150686	0.015540336860769
0.860363108771279	0.118103854314373	0.0215330369143482
0.535257126639445	0.317697332731918	0.147045540628637
0.857612455996194	0.13029211693722	0.0120954270665857
0.837627464392939	0.122862868368536	0.0395096672385241
0.352413935078539	0.0940892376856325	0.553496827235829
0.922164449562011	0.0660052550153209	0.0118302954226677
0.513088789258005	0.345839696866119	0.141071513875876
0.840139083676655	0.138937315097673	0.0209236012256726
0.750921278691588	0.214936151097596	0.0341425702108156
0.846211081518549	0.130379023592881	0.0234098948885701
0.877216997196703	0.0929989698813956	0.029784032921901
0.888454455897411	0.0971632936847137	0.014382250417875
0.870034870679469	0.115104472892967	0.0148606564275641
0.831930380254593	0.129036570904371	0.0390330488410363
0.851760978606156	0.123163620421949	0.0250754009718955
0.704332346803297	0.223111942608359	0.0725557105883438
0.779721692878052	0.179618461522486	0.0406598455994613
0.840567796723007	0.142452395473117	0.0169798078038759
0.842807507035405	0.140809215536319	0.0163832774282757
0.862717797950985	0.123033001986425	0.0142492000625893
0.854123339739456	0.132976368805923	0.0129002914546215
0.86826376536059	0.11833634426268	0.0133998903767308
0.853450680782788	0.126396397277098	0.020152921940114
0.897810088716167	0.0799229618708183	0.0222669494130147
0.808214937628288	0.127362852535779	0.0644222098359333
0.868218187412396	0.119647177233611	0.0121346353539933
0.852127618351104	0.133445432727013	0.0144269489218837
0.837140718612801	0.139217759593709	0.0236415217934904
0.860114706672249	0.12998303459723	0.00990225873052149
0.848581069832217	0.136405666796689	0.0150132633710942
0.867029071693992	0.104496618397674	0.0284743099083336
0.831859804883774	0.150194741804113	0.017945453312113
0.801910787234543	0.175999862380006	0.0220893503854505
0.820729929378893	0.161775498081148	0.0174945725399595
0.793891759399859	0.114417705462021	0.0916905351381204
0.865358859344509	0.117277105406642	0.0173640352488492
0.909641298301827	0.0796289090951678	0.0107297926030052
0.718306896074382	0.126158381241437	0.155534722684181
0.841593125753354	0.145924455608191	0.0124824186384552
0.840737723269129	0.140502220562725	0.0187600561681461
0.80560125795155	0.174983273624268	0.0194154684241815
0.856519893290837	0.131645965351738	0.0118341413574249
0.823613171493932	0.160889908720778	0.0154969197852897
0.861686393009265	0.114826438832002	0.0234871681587326
0.811386877406839	0.161004482139327	0.0276086404538339
0.863485755604779	0.11709040535412	0.0194238390411015
0.83222799604052	0.15356162747009	0.0142103764893898
0.832388000303848	0.137760018344944	0.0298519813512081
0.578857088870387	0.231115113062143	0.19002779806747
0.672493125533862	0.219766535199054	0.107740339267084
0.823908281229564	0.160168322653437	0.0159233961169992
0.63605264244289	0.226394579411296	0.137552778145815
0.730367952919036	0.112265831717251	0.157366215363714
0.842752620206518	0.130412445515444	0.0268349342780371
0.756375764995907	0.227843755756857	0.015780479247236
0.625963880060291	0.258494144230052	0.115541975709656
0.758451040700166	0.196864061622499	0.0446848976773349
0.844160973099905	0.1399425089731	0.0158965179269951
0.813504420675537	0.174797009884945	0.0116985694395183
0.462024127094232	0.41563080773482	0.122345065170948
0.854759320811727	0.128874641343601	0.0163660378446726
0.903212687687404	0.0829842908949677	0.0138030214176285
0.868011465752719	0.120013783716622	0.0119747505306588
0.773209903858851	0.181858333097117	0.0449317630440317
0.887655856616261	0.0997589474608945	0.0125851959228443
0.880064714756004	0.105174660806719	0.0147606244372769
0.833593585629283	0.146701860213502	0.0197045541572154
0.729746109451385	0.190706702312127	0.079547188236488
0.458986116065786	0.261131394611299	0.279882489322914
0.915402711249627	0.0753713706390078	0.00922591811136515
0.766590017839961	0.216350490238426	0.0170594919216126
0.86984291713517	0.119039098091855	0.011117984772975
0.867140191274126	0.117949346490035	0.0149104622358392
0.581795883205998	0.233632354465402	0.1845717623286
0.791173136147433	0.173519379580897	0.03530748427167
0.832632066748611	0.151620507612844	0.0157474256385455
0.864760807413262	0.115690169052355	0.0195490235343828
0.874466053285643	0.103001423321883	0.0225325233924742
0.674198408737698	0.271639702295975	0.0541618889663269
0.90156160750165	0.0860449785334214	0.0123934139649283
0.341849443142485	0.279189246216885	0.37896131064063
0.00595942907500616	0.00296529586547834	0.991075275059516
0.227066676316811	0.122290385002669	0.650642938680519
0.781887751753201	0.185741415167614	0.0323708330791848
0.767115160595764	0.137252448592908	0.0956323908113281
0.859653515305122	0.125998589908552	0.014347894786326
0.78143223393324	0.18690407159884	0.0316636944679206
0.739352878587771	0.182500967002012	0.0781461544102169
0.860759272031016	0.126942340855042	0.0122983871139418
0.262965599660068	0.301055579140691	0.435978821199242
0.285329098548129	0.15985800196042	0.554812899491451
0.788656053556756	0.169792471084284	0.0415514753589594
0.832501364583694	0.154522767057869	0.012975868358437
0.609645239085766	0.170294473837645	0.220060287076589
0.634427115165698	0.309426431885914	0.0561464529483874
0.77567102352614	0.124496144219522	0.0998328322543375
0.331710423481575	0.121753324757743	0.546536251760683
0.863347306894571	0.119293856129379	0.0173588369760506
0.0177541572957873	0.020708040933096	0.961537801771117
0.864685900908784	0.121032392578828	0.0142817065123878
0.882339067796915	0.103032802051976	0.0146281301511092
0.837495425869307	0.113072142588776	0.0494324315419167
0.885842982913838	0.101549948509983	0.0126070685761791
0.745770626459037	0.208552035528967	0.0456773380119966
0.831657213865558	0.136112992709191	0.0322297934252513
0.7934642656705	0.159900064857676	0.0466356694718238
0.839507433506402	0.148590732293367	0.0119018342002302
0.855407306178117	0.130719977045709	0.0138727167761739
0.874094276620616	0.0969766741659473	0.0289290492134369
0.570291435569817	0.20960385990056	0.220104704529623
0.809079709622573	0.174382599055275	0.0165376913221515
0.790554535430527	0.186972370860735	0.0224730937087383
0.831252436352619	0.149515673324811	0.0192318903225704
0.788449195242558	0.192787079400764	0.0187637253566779
0.824325679002893	0.153892844367934	0.0217814766291735
0.74063969001622	0.217123031052847	0.0422372789309335
0.760270336859463	0.216755198725462	0.0229744644150746
0.786623849642331	0.196989678610864	0.0163864717468052
0.755983237052492	0.20210907770592	0.0419076852415881
0.769419660619749	0.212020176484009	0.018560162896242
0.614790943716521	0.262599415099562	0.122609641183917
0.816379898141175	0.156888980723226	0.0267311211355988
0.855370407911454	0.130799362736686	0.0138302293518602
0.841148275533047	0.138658241408372	0.0201934830585809
0.853980357050342	0.109225794640925	0.0367938483087335
0.766098928849187	0.185184449780489	0.0487166213703242
0.881749689903427	0.106794843611488	0.0114554664850848
0.893480132601737	0.0919825744612953	0.0145372929369679
0.760686701048992	0.190680469084966	0.048632829866042
0.735565809014877	0.224214874505518	0.0402193164796041
0.865619106190911	0.122232462767401	0.0121484310416884
0.810783404301517	0.154326851192356	0.034889744506127
0.839577010914421	0.147040763344929	0.0133822257406504
0.840578424714677	0.137442896214402	0.0219786790709219
0.808565130023597	0.143627053519036	0.0478078164573671
0.817730436511015	0.146660942292104	0.0356086211968809
0.848308816784396	0.118236132799078	0.0334550504165258
0.825272067574717	0.152642186453697	0.0220857459715866
0.784505679681838	0.199438525449957	0.0160557948682053
0.797483369843551	0.180887837509951	0.0216287926464989
0.865608227023198	0.104095216946377	0.030296556030425
0.798847204663831	0.153268234489031	0.0478845608471382
0.781649505539107	0.144020016214126	0.0743304782467669
0.831159615697162	0.149501725298284	0.0193386590045542
0.687252032385243	0.188581995233598	0.124165972381159
0.791667741687377	0.152356795816799	0.0559754624958235
0.812385924970697	0.171176181605559	0.0164378934237443
0.822236591855403	0.15117993166292	0.0265834764816771
0.824352226596692	0.157113268835098	0.0185345045682103
0.17460703806986	0.0747800617363765	0.750612900193763
0.787269266444027	0.152804386284118	0.0599263472718549
0.885430187071292	0.103131429273584	0.0114383836551243
0.668687795498544	0.290798565276998	0.0405136392244581
0.825185514868132	0.156016447555803	0.0187980375760653
0.761925553659978	0.201549217941165	0.0365252283988567
0.208276707245028	0.0840943254672145	0.707628967287757
0.823176737497538	0.118593700023042	0.0582295624794202
0.812799464683008	0.154274470662823	0.032926064654169
0.120932880960424	0.288173114696453	0.590894004343122
0.817175623187914	0.131404098356784	0.051420278455301
0.831121045142223	0.151652036646771	0.0172269182110059
0.861323045469457	0.12474021588728	0.013936738643263
0.707460101153501	0.174996481909529	0.11754341693697
0.790561026146189	0.187181956569334	0.0222570172844775
0.856713560684065	0.133235197115741	0.0100512422001944
0.72385130078602	0.199744134062337	0.0764045651516437
0.82121181248088	0.165373489626727	0.0134146978923934
0.812990979089689	0.170886883609901	0.0161221373004095
0.845568473461889	0.137785718648953	0.0166458078891573
0.801863860767198	0.164755186367261	0.033380952865541
0.849723722061469	0.14062110598743	0.00965517195110123
0.631142761180128	0.204003003878257	0.164854234941615
0.901333640476755	0.0860893488400367	0.012577010683208
0.835136077684477	0.145479547164618	0.0193843751509057
0.43685552579953	0.300563827262799	0.262580646937672
0.458372782015605	0.151116969236528	0.390510248747867
0.867906220435818	0.103707683777314	0.0283860957868674
0.878320851299745	0.110240387741209	0.0114387609590456
0.867706791637471	0.120310909279783	0.0119822990827454
0.843146634778238	0.136115805938914	0.0207375592828481
0.879355575212944	0.10975132370127	0.0108931010857863
0.758731493629346	0.218614598451228	0.0226539079194257
0.861137909800862	0.118868936509259	0.0199931536898787
0.809133687496725	0.150431574280974	0.0404347382223008
0.890327622588233	0.096131639682726	0.0135407377290414
0.890294909069814	0.0973630282870309	0.0123420626431548
0.853657122057818	0.134188705479519	0.0121541724626624
0.87219119638356	0.114881783698695	0.0129270199177453
0.71216313430437	0.242561487452283	0.0452753782433467
0.209574510141898	0.211670560614041	0.57875492924406
0.305633540370008	0.242644193080754	0.451722266549237
0.792526751541302	0.162352892484555	0.0451203559741428
0.793769686565811	0.167204892711603	0.0390254207225867
0.728244756233488	0.137993704853859	0.133761538912653
0.77712067822555	0.149837011520609	0.0730423102538409
0.799496084403853	0.180954637549198	0.0195492780469483
0.783077914064196	0.181457849285336	0.0354642366504681
0.703077610196067	0.222857634355758	0.0740647554481755
0.774494233289305	0.198991463454217	0.0265143032564789
0.816436685568522	0.157821203925574	0.0257421105059045
0.52097373283244	0.23657824125659	0.24244802591097
0.757044206748021	0.121130423939189	0.12182536931279
0.875548593740584	0.110521299384496	0.0139301068749203
0.677450335362646	0.287261243873434	0.0352884207639192
0.808662421677566	0.146201719479082	0.0451358588433518
0.847802607066819	0.135083506859422	0.0171138860737597
0.706006438018515	0.272779745098814	0.0212138168826718
0.684679278243751	0.167187566459413	0.148133155296836
0.807944634008893	0.147662540479623	0.0443928255114834
0.698600068141396	0.284152768082676	0.0172471637759284
0.819440786153313	0.136497002603107	0.0440622112435802
0.850296090006344	0.137430275208324	0.0122736347853317
0.75143822746572	0.189318327966621	0.0592434445676584
0.776089634450777	0.202838802154784	0.0210715633944388
0.779670161094736	0.180651181816976	0.0396786570882882
0.801417024560955	0.181297923287582	0.0172850521514639
0.834802692925292	0.127105864841813	0.0380914422328948
0.807810881211778	0.157713137294361	0.0344759814938605
0.805178350632831	0.162791220010376	0.0320304293567927
0.759095350340284	0.159826632382111	0.0810780172776053
0.85913269382673	0.12749611273468	0.0133711934385901
0.812092611465277	0.150181810069261	0.0377255784654616
0.839817544431235	0.150479503127201	0.00970295244156461
0.557757771869164	0.165767688447103	0.276474539683734
0.685850824824454	0.203504309951567	0.110644865223979
0.809372729393265	0.161007579168562	0.0296196914381726
0.809205381612952	0.175001061840832	0.0157935565462155
0.844318944689334	0.108482657752966	0.0471983975576996
0.729620544889602	0.128266764861041	0.142112690249357
0.729532338284675	0.219371898268441	0.0510957634468835
0.893940026927083	0.0876147073259029	0.018445265747014
0.817232846709179	0.112019034968524	0.0707481183222974
0.794657134447928	0.126093511227895	0.0792493543241774
0.759907552946138	0.118834195698057	0.121258251355804
0.735156422823281	0.198262759718747	0.0665808174579718
0.829504214435521	0.151817474092532	0.0186783114719472
0.790867004938971	0.171966898642295	0.0371660964187334
0.897103622601309	0.0913492218785141	0.0115471555201765
0.829921117845978	0.151761471557822	0.0183174105961995
0.659948264792353	0.203148640674404	0.136903094533243
0.773662095641131	0.207463234839406	0.018874669519463
0.735771745918099	0.215623103492389	0.0486051505895116
0.864365566291909	0.123214970060819	0.0124194636472721
0.916897810021624	0.0672411791043162	0.0158610108740595
0.245100616910236	0.181267140007031	0.573632243082734
0.597447154414449	0.337739865125192	0.0648129804603585
0.866548970113399	0.110450009342824	0.0230010205437766
0.879328406149012	0.110364086155682	0.0103075076953067
0.819100314592142	0.150646553528377	0.0302531318794809
0.435306405349708	0.183347712587299	0.381345882062993
0.167407740762654	0.087494656201313	0.745097603036033
0.84395310584988	0.124142197181227	0.0319046969688933
0.775010584754866	0.20323713383632	0.0217522814088139
0.79200842319138	0.132693682475483	0.0752978943331368
0.850115771155529	0.119380379414925	0.0305038494295463
0.819027749247673	0.161950865109514	0.0190213856428131
0.670142274669582	0.210135802065363	0.119721923265056
0.684387944990279	0.160754637474848	0.154857417534873
0.824783848304609	0.154141505222091	0.0210746464732997
0.603327625767592	0.122993878067859	0.273678496164548
0.803556784812241	0.169484368967317	0.0269588462204423
0.869433217144247	0.116871180912624	0.0136956019431289
0.866925147576475	0.102941035001603	0.0301338174219227
0.817481454520939	0.150513116107053	0.0320054293720079
0.863582908940285	0.12300287227939	0.0134142187803249
0.362160767632149	0.178616760115895	0.459222472251956
0.89380221021046	0.0919394760264706	0.0142583137630692
0.86431423404857	0.124629761872961	0.0110560040784689
0.772226102776443	0.174648053508633	0.0531258437149241
0.841970445212968	0.133238729374793	0.0247908254122398
0.833699202071376	0.147384855756375	0.0189159421722489
0.848593715189414	0.120500707798197	0.0309055770123898
0.779326559859662	0.130668599239797	0.0900048409005413
0.812981681560365	0.161994310522365	0.0250240079172704
0.654443302428048	0.226727167008543	0.11882953056341
0.875383826406652	0.113333723260455	0.0112824503328934
0.819307561519563	0.143101199337208	0.0375912391432291
0.861159138056825	0.122191231339467	0.016649630603708
0.719082613314211	0.2535464263717	0.0273709603140889
0.835838739532071	0.149469422684031	0.0146918377838977
0.776838796844399	0.207689574808927	0.0154716283466737
0.797857290087881	0.174347017655272	0.0277956922568473
0.818640701400376	0.168420910341111	0.0129383882585129
0.753501311237748	0.214972246928954	0.0315264418332986
0.805864312301821	0.175954772251302	0.0181809154468772
0.754308545095063	0.195725466029956	0.0499659888749809
0.826725500917435	0.147309342459179	0.025965156623386
0.878803996050275	0.108736682803821	0.0124593211459031
0.784467801693731	0.199527449661756	0.0160047486445131
0.712126940479853	0.146843641357961	0.141029418162186
0.0418953174615508	0.0185977152585264	0.939506967279923
0.745812605212198	0.232560804385496	0.0216265904023065
0.847380628593324	0.120783063754386	0.0318363076522903
0.74871397285701	0.236008734293744	0.0152772928492463
0.776668452628787	0.19272670257462	0.0306048447965932
0.890219051661208	0.0956766367901485	0.0141043115486433
0.776556540375868	0.187064347737626	0.0363791118865066
0.806034700947938	0.175530933118086	0.0184343659339761
0.841823741072132	0.139722125092717	0.0184541338351507
0.860076082730424	0.121110662914044	0.0188132543555322
0.714963141261755	0.194867659847812	0.090169198890433
0.846590773333256	0.125174026841362	0.0282351998253821
0.675142809585109	0.256334152445015	0.0685230379698752
0.854973321940463	0.134940147080759	0.0100865309787776
0.866444534409554	0.121393186859464	0.012162278730982
0.888590275905203	0.0949403154037269	0.0164694086910701
0.888048918604257	0.0963572860167615	0.0155937953789809
0.864961849484003	0.120845885367436	0.014192265148561
0.8366248375607	0.14570332419614	0.0176718382431591
0.827705207469658	0.151222758366478	0.0210720341638639
0.740903859841024	0.193947731335799	0.0651484088231761
0.837242533639678	0.144068977623538	0.0186884887367838
0.759048608144451	0.192883551156441	0.0480678406991084
0.713964228116692	0.177087894497032	0.108947877386275
0.584404770304478	0.274765639278015	0.140829590417507
0.894404146968549	0.0910735954932331	0.0145222575382177
0.837820500747903	0.141109449231226	0.021070050020871
0.787349409578437	0.136518253802387	0.0761323366191755
0.781398383714614	0.168514247032397	0.0500873692529892
0.889531372000687	0.0962559627364253	0.0142126652628882
0.816222691162668	0.157425528595622	0.0263517802417097
0.897465754739414	0.0901343737710541	0.0123998714895322
0.0783546423953239	0.110259607520263	0.811385750084413
0.7795374169592	0.162648746315104	0.0578138367256954
0.749610694999036	0.171374999891992	0.0790143051089721
0.733919188495701	0.18111828784213	0.0849625236621695
0.81793705970382	0.166319252733513	0.0157436875626665
0.605886324077253	0.227231944137793	0.166881731784954
0.814361013583586	0.164346970004993	0.0212920164114213
0.377435481086273	0.170471013635381	0.452093505278346
0.781529876449655	0.188582399415558	0.0298877241347873
0.88695592685361	0.0981767783074375	0.0148672948389528
0.743196601252842	0.219572302048311	0.0372310966988469
0.851981268480537	0.131246459499312	0.0167722720201515
0.867662744214302	0.11433615094179	0.0180011048439079
0.895844834435245	0.0913388178838403	0.0128163476809152
0.744400179519787	0.181978371485801	0.073621448994412
0.869130741322519	0.120102818697046	0.0107664399804344
0.809030827224907	0.166863301398967	0.0241058713761262
0.844585581395079	0.136756046021067	0.0186583725838547
0.79433996416389	0.193018031338321	0.0126420044977894
0.843800578171283	0.14144252791587	0.0147568939128469
0.772778979768481	0.194016983416455	0.0332040368150642
0.795932277186884	0.185010322579849	0.0190574002332664
0.796564563610079	0.181635047247278	0.0218003891426435
0.631030509272378	0.12075656673655	0.248212923991072
0.900216313590961	0.0882492628239056	0.0115344235851336
0.825063444024814	0.145498789783394	0.029437766191792
0.680955097784817	0.112782471275603	0.20626243093958
0.864108817686825	0.106638708695706	0.0292524736174694
0.890470358236555	0.0965944245823179	0.0129352171811273
0.828288492042096	0.15363608190288	0.0180754260550239
0.784715219128931	0.161516333428731	0.0537684474423376
0.431994746878475	0.195158561959405	0.37284669116212
0.844671319362056	0.129954749129288	0.0253739315086563
0.846058094641396	0.139433825785221	0.0145080795733824
