0.999311793484134	0.000594029337559334	9.41771783062392e-05
0.999029199469592	0.000676392538315349	0.000294407992092202
0.97539191086742	0.0246051173110452	2.97182153526642e-06
0.999319965689962	0.000393825942312716	0.000286208367725388
0.206285652432221	0.793712321478423	2.02608935593567e-06
1.5404969069251e-05	0.999984595030926	4.50600018102107e-15
0.999455146785753	0.000448994227799115	9.58589864477349e-05
0.0169639786499701	0.983036021327277	2.27534424632036e-11
0.69328469188159	0.306715278883487	2.92349226510172e-08
0.886939297315858	0.113059465815699	1.23686844308993e-06
0.99726118808383	0.00230328467738562	0.00043552723878432
0.94016836503671	2.23713165971444e-05	0.0598092636466927
0.80073495317615	1.14940421987175e-05	0.199253552781651
0.998821107806945	0.000510701630714577	0.000668190562340769
0.999148563270474	0.000624065348119415	0.000227371381406448
0.999596754443728	0.000153329652208488	0.000249915904064042
0.963599864558044	3.40313595349001e-05	0.0363661040824206
0.999434038071339	0.000199871154137637	0.000366090774522991
0.999710554720685	4.96466459800111e-06	0.000284480614716998
0.996886942371914	0.00308284033807182	3.02172900139929e-05
0.999535774377982	0.000330260383259066	0.000133965238759331
0.00606137520705635	0.0490371966348553	0.944901428158088
0.971695591485461	0.0249714918402194	0.00333291667432013
0.999834418216096	8.05665432924991e-05	8.50152406111926e-05
0.998910782523806	0.00108671958530616	2.49789088818892e-06
0.99897825337541	0.000793643184906628	0.000228103439683021
0.999512393923372	0.000150169085031916	0.000337436991595777
0.99917235570579	3.42246355912374e-05	0.000793419658618901
0.433873634374006	0.564207370109611	0.00191899551638329
0.999215152914221	0.0006207044313626	0.000164142654416651
0.998868331340315	8.87332512366378e-05	0.00104293540844816
0.993609777353519	0.00637862317528934	1.15994711913577e-05
0.999150682075835	0.000587223732706313	0.000262094191458566
0.999291863600986	0.000374030721947778	0.000334105677066375
0.998905669082982	0.000928509042120034	0.000165821874897601
0.999381053000143	0.000471650460000302	0.00014729653985691
0.998916720394834	5.71150895848186e-05	0.00102616451558084
0.998916280669776	0.00103357065676475	5.01486734592693e-05
0.222277061135075	0.656355196620968	0.121367742243958
0.992004384026345	0.00799485221017959	7.6376347547661e-07
0.939277826416468	0.0607171998006111	4.97378292121161e-06
0.999849517358453	3.95165517043624e-05	0.000110966089842941
3.51863795100797e-05	2.89383722089894e-14	0.999964813620461
0.999381053000143	0.000471650460000302	0.00014729653985691
0.999844271626414	0.000149948663256253	5.77971032991904e-06
0.393624304557956	0.562624071032722	0.0437516244093218
0.999623218395234	0.000285086835429306	9.16947693371047e-05
0.99883915953942	5.64756519655323e-06	0.00115519289538289
0.99934654016714	0.00021636900345778	0.000437090829402698
0.999597550518477	0.000182449591022028	0.000219999890501078
0.819612608281013	0.179154625591584	0.00123276612740249
0.0868086811037236	2.4066527833037e-08	0.913191294829749
0.586616610241506	0.413006661184094	0.000376728574399753
0.0108724057061148	1.06652845575157e-05	0.989116929009328
0.947001726256316	0.0529963592891016	1.91445458228816e-06
0.995540351695775	0.00445919805822518	4.50246000206322e-07
0.203492161743465	0.79650778130227	5.69542657556814e-08
0.99908426110095	9.28712550503146e-05	0.000822867643999271
0.999607416539558	2.13340585027193e-05	0.000371249401939366
0.999284764429304	0.000538874926994844	0.000176360643701562
0.00136562744598135	1.37673750460911e-12	0.998634372552642
0.008000321035017	3.97411127630561e-11	0.991999678925242
0.0251718479320536	0.97482807104376	8.1024186208043e-08
0.84807015616894	0.147639738113675	0.00429010571738544
0.99701408219385	3.37284738466085e-05	0.00295218933230302
0.265605054553412	0.7342811441019	0.000113801344687471
0.154948590986914	0.845051408440745	5.72341435550041e-10
0.999222591409275	0.000595308408700197	0.000182100182024885
0.999148563270474	0.000624065348119415	0.000227371381406448
0.998266678942706	0.0017019558806121	3.13651766821083e-05
0.0214099567372985	0.978590043262632	6.9777407787365e-14
0.660027855139901	0.339972144855666	4.43341910932234e-12
0.995146786169076	0.0048282170832243	2.49967476996705e-05
0.729725201801836	0.270241654470225	3.31437279387973e-05
0.503892645078709	0.495184989392288	0.00092236552900347
0.998774949460397	1.32994624275244e-05	0.0012117510771754
0.997510528788315	5.91654548561451e-05	0.00243030575682895
0.000484812612292454	0.999515187387513	1.94521005916598e-13
0.997440907975855	0.00017574758558061	0.00238334443856398
0.0667118165321186	0.933288179463031	4.00485029545708e-09
6.35772226184786e-06	0.999993642277738	2.43162311543337e-18
0.998424986389624	0.000110488582359049	0.00146452502801697
0.584664789666334	0.414770155975583	0.000565054358083378
0.999150682075835	0.000587223732706313	0.000262094191458566
0.926806860751606	0.0718975964746532	0.00129554277374056
0.521733270612132	0.478078633145439	0.000188096242429449
0.99897825337541	0.000793643184906628	0.000228103439683021
0.968933500067113	0.0307977016504211	0.000268798282465898
0.00905895352177538	0.990941046347157	1.31067206782897e-10
0.504320346890896	0.494732460094861	0.000947193014242676
0.999399767059411	0.00054170062352973	5.85323170593131e-05
0.928377635005055	1.2583109359296e-05	0.0716097818855855
0.998846093562751	0.00109939756437708	5.45088728715746e-05
0.281747101752903	0.612728575186517	0.10552432306058
0.253642864173142	0.74398400040098	0.00237313542587786
0.997259561493348	0.000170053124502279	0.00257038538215011
2.73445653282975e-07	0.999999726554347	2.49784757552391e-19
0.477882545734438	0.51999869282058	0.00211876144498145
0.999222591409275	0.000595308408700197	0.000182100182024885
0.998159486117792	0.000831596593448446	0.0010089172887598
0.567642188520395	0.43133229176015	0.00102551971945553
0.997504305816645	0.00245147538363863	4.42187997161108e-05
0.503892645078709	0.495184989392288	0.00092236552900347
0.929285742132501	5.2822585771889e-05	0.0706614352817274
0.998362449383125	1.47458794952022e-05	0.00162280473737929
0.999488163230987	0.000338539358050415	0.000173297410962372
0.999215152914221	0.0006207044313626	0.000164142654416651
0.00333520969778172	0.996664790278992	2.32263887625630e-11
8.5175274892317e-05	1.48260009772694e-11	0.999914824710282
0.99938704506435	0.000288338744112051	0.000324616191538243
0.999553585605191	3.56013808173005e-05	0.00041081301399205
0.485319538931154	0.509740276318312	0.00494018475053348
0.999667460933833	0.000258391142486014	7.41479236814326e-05
0.506190035266364	0.489272828139363	0.00453713659427249
0.915154800856673	0.0781552395221311	0.00668995962119622
0.999215152914221	0.0006207044313626	0.000164142654416651
0.998342088083717	0.00157180039356487	8.61115227177131e-05
0.837990174209253	0.1572278853304	0.00478194046034773
0.995863332857748	0.00410840717762895	2.82599646233091e-05
0.999538028007047	0.000205870355127857	0.000256101637824886
0.999819502309849	0.000168804436773556	1.16932533778192e-05
0.992019224665929	0.00797540238644513	5.37294762557061e-06
0.996242813954983	0.0037427122776651	1.44737673516931e-05
2.92862576314462e-06	0.999997071374237	3.73317607234566e-17
0.988175935660115	0.0113511628020154	0.000472901537869426
0.762513271417405	0.237486379705432	3.48877162355979e-07
0.999346517608558	0.000354276995598894	0.000299205395843184
0.170178600567361	1.64667132923087e-05	0.829804932719347
0.865604737114026	0.134039016582981	0.000356246302993763
0.957358477378405	0.0426374030796625	4.11954193272841e-06
0.997989261907468	0.00199047427966864	2.02638128631175e-05
0.996562328570058	0.00342045431881458	1.72171111273304e-05
1.25069773628627e-07	1.34663172509287e-22	0.999999874930226
0.0107064662900789	0.989293533152921	5.57000377813555e-10
0.605746390937925	0.394139367005366	0.000114242056708594
0.999119966833077	0.000793527207410167	8.65059595127533e-05
0.999201984221955	0.000514666344809439	0.000283349433235372
0.998851257855449	6.44656782561315e-05	0.00108427646629505
0.999311793484134	0.000594029337559334	9.41771783062392e-05
0.98901461520654	0.0109097614329938	7.56233604657819e-05
0.999215152914221	0.0006207044313626	0.000164142654416651
0.766081564509006	0.232953302938179	0.000965132552815404
0.000128297109766786	0.999871702890191	4.21018248617781e-14
0.999311793484134	0.000594029337559334	9.41771783062392e-05
0.999150682075835	0.000587223732706313	0.000262094191458566
0.999148563270474	0.000624065348119415	0.000227371381406448
0.926343620343273	9.5385727393823e-08	0.0736562842709998
0.997969736651612	6.09054369977203e-05	0.00196935791138992
1.46182253955493e-05	1.28061873178511e-13	0.999985381774476
0.958384064777043	0.000213316972118016	0.041402618250839
0.991686025587165	9.60616013419583e-05	0.00821791281149253
0.998228191496206	0.0016743332479912	9.74752558031588e-05
0.999462863884927	0.000327955607384711	0.000209180507687846
0.999455146785753	0.000448994227799115	9.58589864477349e-05
0.999321019301446	0.000514886028085329	0.000164094670468669
0.999381053000143	0.000471650460000302	0.00014729653985691
0.999335348675575	0.00039675212216692	0.000267899202257602
0.999311793484134	0.000594029337559334	9.41771783062392e-05
0.713269009120456	0.286730990879523	2.09892569542718e-14
0.966504141640504	0.000182587440976389	0.0333132709185194
0.998933128343143	0.000958263222279044	0.000108608434578387
0.963479298781542	0.0361566677182958	0.000364033500161824
0.954366417739123	0.0456306272306016	2.95503027519239e-06
0.874373436200689	0.123512103101842	0.00211446069746989
0.999385321317765	2.62791571941208e-05	0.0005883995250408
0.998933128343143	0.000958263222279044	0.000108608434578387
0.999180282774938	0.000624986173595281	0.000194731051466502
0.999381053000143	0.000471650460000302	0.00014729653985691
0.0373727622680819	0.962627236980699	7.51218719932397e-10
0.989198708127198	0.0107757203579222	2.55715148797886e-05
0.704337714009704	0.295482521620329	0.000179764369967484
0.999381053000143	0.000471650460000302	0.00014729653985691
0.503892645078709	0.495184989392288	0.00092236552900347
0.999676480550702	5.23299663802396e-05	0.000271189482917402
0.999148563270474	0.000624065348119415	0.000227371381406448
0.00323643721396356	0.996763562529693	2.56343181220923e-10
0.999148563270474	0.000624065348119415	0.000227371381406448
0.999779963555387	0.000197260717398078	2.27757272153771e-05
0.999050289044764	9.73659591249638e-05	0.000852344996111094
0.976761883768849	0.0232348369399288	3.27929122266772e-06
0.99956707346548	0.000261213626033898	0.000171712908486067
0.989671742304769	0.0103085405561492	1.97171390821517e-05
0.994965504926888	0.00498997891041607	4.45161626961636e-05
0.80073495317615	1.14940421987175e-05	0.199253552781651
0.267256506747676	0.732675153963917	6.83392884065686e-05
0.870650752735979	0.127599967727856	0.00174927953616524
0.449606771281623	0.548246098944566	0.00214712977381107
0.751773703865782	9.70525370597376e-08	0.248226199081681
0.999119966833077	0.000793527207410167	8.65059595127533e-05
0.999519188478594	6.36615552460107e-05	0.000417149966160154
0.996295434657212	0.00369596965362521	8.59568916280446e-06
0.999148563270474	0.000624065348119415	0.000227371381406448
0.00325726860736573	8.73395151872101e-11	0.996742731305295
0.999331920118368	0.000388367297362647	0.000279712584269055
0.979530824550379	0.0204633306597019	5.84478991929746e-06
0.998126399389308	0.00162559406164392	0.000248006549048027
1.30024345306119e-06	0.999998699756547	3.13580667594113e-18
0.999148563270474	0.000624065348119415	0.000227371381406448
0.000977120406290129	0.999022879554947	3.87629804727874e-11
0.69678902336654	0.303209032178234	1.94445522614661e-06
0.136753904341333	0.863246094361837	1.29683064553575e-09
0.00287205235233879	0.997127947646763	8.97920677960697e-13
0.970663065553999	0.0293321983778162	4.73606818460674e-06
0.917093834743785	0.0829045456184783	1.61963773702309e-06
0.905223971594119	0.0947751700944928	8.58311388591451e-07
0.999023075204133	0.000642733089935371	0.000334191705931771
0.999320607020957	0.000148303714244129	0.00053108926479908
0.0251855317778953	0.974814128813742	3.39408362904181e-07
0.999620563764855	0.000345620822639358	3.38154125054119e-05
0.999060150137581	0.000813714434250716	0.000126135428168643
0.431706692423662	0.568293051287365	2.56288972237987e-07
0.967185747809053	3.0031343470746e-06	0.0328112490565998
0.999216156593025	7.11977321277071e-05	0.000712645674847623
0.791478942151378	1.10980311195861e-05	0.208509959817502
0.995985441843123	0.00400301319009424	1.15449667831386e-05
0.871453570475412	0.125289001344373	0.00325742818021491
0.999150682075835	0.000587223732706313	0.000262094191458566
0.998424986389624	0.000110488582359049	0.00146452502801697
0.000195314494242257	1.16677144530545e-13	0.999804685505641
0.00586142069571826	0.0154755393453576	0.978663039958924
0.173774230199346	0.826225730303619	3.94970350907721e-08
0.999379043224238	0.000470862103944355	0.000150094671817244
6.58457477996951e-05	0.999934154252174	2.57609007234782e-14
0.998788840980064	0.001147578967882	6.35800520537963e-05
0.998460157976958	0.0015060118661975	3.38301568441084e-05
0.999150682075835	0.000587223732706313	0.000262094191458566
0.999577838076241	0.000208484409579466	0.000213677514179855
0.999381053000143	0.000471650460000302	0.00014729653985691
0.998812549709883	0.00100265401684873	0.00018479627326784
0.995442515666677	0.00452540493138424	3.20794019389108e-05
0.969767549950584	0.0294981683689885	0.000734281680427071
0.979315328769005	0.000108057026125202	0.0205766142048693
0.999630341546067	0.000269554342098675	0.000100104111833922
0.999804768654952	0.000120688226014292	7.45431190339345e-05
0.999311793484134	0.000594029337559334	9.41771783062392e-05
0.999381053000143	0.000471650460000302	0.00014729653985691
0.99897825337541	0.000793643184906628	0.000228103439683021
0.99897825337541	0.000793643184906628	0.000228103439683021
0.983483248646404	0.0165146394035027	2.11195009290942e-06
0.999798595327891	7.9091341620363e-05	0.000122313330489122
0.999240967170363	0.00062469236535959	0.000134340464277805
0.999169339353545	0.00074986315753627	8.07974889185572e-05
0.993505449599617	0.00648922526627606	5.32513410726919e-06
0.999083229416868	1.10854977785826e-05	0.000905685085352872
0.990867050221115	4.67111108968316e-06	0.00912827866779552
0.999215152914221	0.0006207044313626	0.000164142654416651
0.999311793484134	0.000594029337559334	9.41771783062392e-05
0.000654148135483546	0.999345851864386	1.30500878058928e-13
0.00084574485711371	0.999154255142822	6.46775645159551e-14
0.396430892045062	0.603518239423139	5.08685317994431e-05
0.571066919835772	1.01652712262722e-08	0.428933069998957
0.999180282774938	0.000624986173595281	0.000194731051466502
0.953747104107464	0.0448175833513588	0.00143531254117697
0.544576650819336	0.454699024667201	0.000724324513463469
0.998770427907284	0.000856994248825454	0.000372577843890993
0.543354349037428	0.456587467589758	5.81833728141068e-05
0.998933128343143	0.000958263222279044	0.000108608434578387
0.999069637053005	0.000828469830376761	0.000101893116618199
0.89808867196825	0.100669408002409	0.00124192002934092
0.990164326944103	0.00403281668529376	0.00580285637060318
0.999331029379845	0.000597284446890605	7.16861732639997e-05
0.000236365385988705	3.39776212785639e-12	0.999763634610614
0.998933128343143	0.000958263222279044	0.000108608434578387
0.99763676376946	0.00231072892886825	5.25073016718219e-05
0.999180282774938	0.000624986173595281	0.000194731051466502
0.833714320758414	0.161768762841265	0.00451691640032137
0.52695054393035	0.472384962848473	0.000664493221177001
0.91867155798956	0.0813234505211857	4.99148925443514e-06
0.999222591409275	0.000595308408700197	0.000182100182024885
0.998379031505804	4.37482276676774e-05	0.00157722026652879
0.0299798513922738	3.39955768262123e-09	0.970020145208168
0.890957428935541	1.76877892034992e-05	0.109024883275255
0.00526721643683856	0.994732781612535	1.95062658644324e-09
0.972982788182748	0.0270084078173174	8.80399993442074e-06
0.999628154831882	0.000112725015448009	0.000259120152670384
0.994452294535278	0.00549047433630851	5.72311284132365e-05
0.999222591409275	0.000595308408700197	0.000182100182024885
0.999311793484134	0.000594029337559334	9.41771783062392e-05
0.97237656249308	3.21717680117848e-06	0.0276202203301184
0.991997778797322	4.87036989873007e-06	0.00799735083277934
0.999148563270474	0.000624065348119415	0.000227371381406448
0.0424793548832822	0.0499608094874713	0.907559835629246
0.99897825337541	0.000793643184906628	0.000228103439683021
0.999558251687533	0.000388449271414256	5.32990410525118e-05
0.998904807014922	0.00102172062655573	7.34723585224292e-05
0.959293105446161	0.0162929791989402	0.0244139153548991
0.999403734032799	0.000360329652846051	0.000235936314354625
0.992402015183316	0.0028183616337591	0.00477962318292451
0.503892645078709	0.495184989392288	0.00092236552900347
0.99808695961844	0.00175370985001395	0.000159330531546331
0.925377832690907	0.0746221186133871	4.86957061949427e-08
0.999148563270474	0.000624065348119415	0.000227371381406448
0.998997551858286	0.00028352992422056	0.000718918217493939
0.999321324004354	0.00059770786644245	8.09681292034446e-05
0.995269476261558	0.00468895042037783	4.15733180641641e-05
0.999180282774938	0.000624986173595281	0.000194731051466502
0.79899086663357	9.83149966956399e-10	0.20100913238328
0.640005941288236	0.330310830166682	0.0296832285450814
0.997371482485877	0.000131095479476972	0.00249742203464616
0.933283070519142	8.31351532172918e-06	0.0667086159655366
0.503892645078709	0.495184989392288	0.00092236552900347
0.99970185844436	0.000279570817199739	1.85707384404638e-05
0.931369125612875	0.035653410812272	0.0329774635748528
0.997967236076933	0.00141116496360353	0.00062159895946316
0.935712651822782	8.09655366292098e-06	0.0642792516235555
0.453664165733454	3.15835221420146e-06	0.546332675914332
0.998331192723846	0.000180530554573092	0.00148827672158121
0.00292552704164958	0.997074472958176	1.74890536539135e-13
0.982588660223965	5.92988347614216e-05	0.0173520409412733
0.000899524678362901	0.99910047530959	1.20467474620501e-11
0.999800218777758	3.52997960548726e-06	0.000196251242636119
0.5509393790052	0.448931202827873	0.000129418166927141
0.999222591409275	0.000595308408700197	0.000182100182024885
0.999552845257583	0.000285670943722854	0.000161483798694513
0.907537286101387	2.63409467203831e-05	0.0924363729518926
0.999169271993861	0.0006815876603844	0.00014914034575456
0.471997589595051	0.528002408436586	1.96836321701508e-09
0.0235759201996398	5.4540478643029e-05	0.976369539321717
0.999788927968951	0.000192766488612016	1.83055424372777e-05
0.980735241026745	1.56201726489159e-05	0.0192491388006064
0.997470894965315	0.002516714569782	1.23904649032109e-05
0.00170347122613275	0.998296528773867	3.52478470534233e-17
0.821678797133153	0.174792228366734	0.00352897450011337
0.972964472216607	0.0148023865765074	0.0122331412068859
0.503892645078709	0.495184989392288	0.00092236552900347
0.963298179031271	0.0361753864748737	0.000526434493855703
0.999148563270474	0.000624065348119415	0.000227371381406448
3.91763483133412e-05	2.03605910964751e-16	0.999960823651686
0.232034663265635	0.767965294350232	4.23841330588156e-08
0.975796185637746	4.98024441842839e-06	0.0241988341178361
0.999026380088745	1.75761733797687e-05	0.000956043737875489
0.990310738823267	0.00954675579231693	0.000142505384416216
0.999620647999298	0.000188422152897863	0.000190929847804461
0.999381053000143	0.000471650460000302	0.00014729653985691
0.716633695377487	0.283365009353134	1.29526937860353e-06
0.0187659351695482	0.981234063031865	1.79858663592807e-09
0.999674711348006	0.000157402301836358	0.000167886350157463
0.994769951460963	0.00185431382780396	0.00337573471123356
0.999148563270474	0.000624065348119415	0.000227371381406448
0.998933128343143	0.000958263222279044	0.000108608434578387
0.998176719397484	0.00180065106211349	2.26295404029839e-05
0.991030544606198	3.0070051554846e-06	0.00896644838864688
0.52695054393035	0.472384962848473	0.000664493221177001
0.926825890002696	1.71191833219497e-05	0.073156990813982
0.998933128343143	0.000958263222279044	0.000108608434578387
0.943623223838814	0.0563704023271119	6.3738340738854e-06
3.47251466484369e-07	5.37697400148879e-16	0.999999652748533
0.999222591409275	0.000595308408700197	0.000182100182024885
0.999201984221955	0.000514666344809439	0.000283349433235372
0.999662318766548	0.000242269329312032	9.54119041402834e-05
0.439988912466575	0.559195064397823	0.000816023135602828
0.999479982573876	0.000384421010076394	0.000135596416047884
0.481361177149169	0.518598354049328	4.0468801503075e-05
0.997029487765052	0.00287837007540866	9.21421595394441e-05
0.992620155252764	0.00734177396478658	3.8070782449295e-05
0.993867457357143	0.000161815304830885	0.00597072733802621
0.999606527380018	0.000381602773235134	1.18698467471821e-05
0.977160045501002	0.0228352748987704	4.67960022719514e-06
0.999215152914221	0.0006207044313626	0.000164142654416651
0.999148563270474	0.000624065348119415	0.000227371381406448
0.972391247082825	0.0275172824305832	9.14704865918058e-05
0.79443477547054	0.205565223522702	1.0067578393681e-09
0.87275560367058	0.125497797543649	0.00174659878577126
0.996336898359916	0.00364487426715683	1.82273729272887e-05
0.0498210379605796	3.32847778773598e-09	0.950178958710943
0.796855754207575	0.203144222879067	2.29133576133278e-08
0.859991777731675	3.78715447322263e-06	0.140004435113852
0.97766753473048	0.0223308505570765	1.6147124434826e-06
0.999614821574668	0.000282583950712321	0.000102594474619987
4.70353898127321e-06	0.999995296461019	6.47037610441166e-18
1.34942560045551e-05	5.32464698767482e-15	0.99998650574399
0.965969119634838	0.0323575252364927	0.0016733551286697
0.99897825337541	0.000793643184906628	0.000228103439683021
0.999215152914221	0.0006207044313626	0.000164142654416651
0.98718246273958	0.0128135073356212	4.02992479913249e-06
0.735918453201211	0.263639766874053	0.000441779924735628
0.545955218102307	0.262031398954276	0.192013382943417
0.999435292815183	0.000482601106725075	8.21060780915382e-05
0.0478839557211084	9.16632683794429e-08	0.952115952615623
7.1400779152267e-05	7.57130619367344e-14	0.999928599220772
0.999150682075835	0.000587223732706313	0.000262094191458566
1.50319537822442e-05	2.51805707700393e-09	0.999984965528161
0.951724158598899	0.0482605629380633	1.52784630373015e-05
0.999429962331056	0.000409574911778854	0.000160462757165494
0.999376525515039	0.000436586790733715	0.00018688769422733
0.999486080326693	0.000109985131948397	0.000403934541358403
0.0142768293239184	0.98572317046693	2.09151116644913e-10
0.624838728813771	0.374984826096381	0.00017644508984877
0.3119593576086	6.59983635493602e-05	0.687974644027851
0.89808867196825	0.100669408002409	0.00124192002934092
0.119732818078621	0.000245161224938249	0.880022020696441
0.933349595911446	0.0666504019263291	2.162224723951e-09
0.999144499831227	0.000679035211698671	0.000176464957074567
0.999340469386332	0.000440332451628183	0.000219198162040012
0.999365176195483	0.000374621865321999	0.000260201939194938
0.983056403996229	0.0169385806731543	5.01533061693862e-06
0.627939099383847	0.372009880373692	5.10202424608798e-05
0.822978109862151	3.47747704504645e-06	0.177018412660804
0.999973047420162	1.3899403221281e-05	1.30531766162722e-05
0.985765654069387	0.01421233677824	2.20091523727663e-05
0.999434038071339	0.000199871154137637	0.000366090774522991
0.999215152914221	0.0006207044313626	0.000164142654416651
0.998528534046477	9.36271767422802e-05	0.00137783877678067
0.0035768418881539	0.996423158107596	4.25047794605024e-12
0.998793882885375	0.0011123043486215	9.38127660039744e-05
0.998387972032133	0.00139807164205702	0.000213956325810003
0.999144499831227	0.000679035211698671	0.000176464957074567
0.998557985459102	0.00140077748961869	4.12370512793968e-05
0.994965507166811	0.00497059544846796	6.38973847209778e-05
0.999624337503819	0.00025572106315563	0.00011994143302528
0.99404373052074	0.00593371921869858	2.25502605612368e-05
0.0326742344903115	0.967325764028713	1.48097544546282e-09
0.999381053000143	0.000471650460000302	0.00014729653985691
0.196992044278906	0.802729558655048	0.000278397066045779
0.993468698168226	0.00651914544688193	1.21563848923216e-05
0.999349002772005	0.000238627502544989	0.000412369725450287
0.996401539551378	0.00359217521922576	6.28522939648273e-06
0.986492217439036	0.0135067345007285	1.04806023577975e-06
0.998228191496206	0.0016743332479912	9.74752558031588e-05
0.945893048294725	0.0539736289845792	0.000133322720695725
0.454661160094832	0.538853592987831	0.00648524691733738
0.999311793484134	0.000594029337559334	9.41771783062392e-05
0.00228733673472568	0.0109053488243252	0.986807314440949
0.991225523443797	0.0050632516483679	0.00371122490783564
0.00383050437129988	0.996169448424108	4.72045915501057e-08
0.998794058760471	0.00114064016055776	6.53010789713113e-05
0.509821638278213	0.488167957027721	0.00201040469406667
0.228956718332432	0.429750546067659	0.341292735599909
0.889763320739157	0.110232507851802	4.17140904086425e-06
0.998961311280523	0.000751003387415475	0.000287685332061934
0.000279897076499217	2.35429965692902e-13	0.999720102923265
0.980547897176992	0.000326721657569017	0.0191253811654388
0.999487243063876	0.000373302319159064	0.000139454616964915
0.00327156282823681	0.00683599907922375	0.98989243809254
0.0168090244234916	1.22238195022254e-08	0.983190963352689
0.999150682075835	0.000587223732706313	0.000262094191458566
0.999261674256562	0.000358719631535955	0.000379606111901941
0.999297774411604	0.000602690504207071	9.95350841894087e-05
0.120088555408557	0.879911443639338	9.52105512048515e-10
0.974820000038702	0.025172668927505	7.33103379301001e-06
0.99930552053309	0.000151704281865663	0.000542775185044672
0.503892645078709	0.495184989392288	0.00092236552900347
0.998071086916716	4.73200680572395e-05	0.00188159301522654
0.702494212280189	0.297505382748792	4.04971019033194e-07
0.0975349980856136	0.902464992398334	9.51605217779745e-09
0.999150682075835	0.000587223732706313	0.000262094191458566
0.998933128343143	0.000958263222279044	0.000108608434578387
0.998157248882815	2.36429282869796e-05	0.00181910818889765
4.50440794316408e-08	0.999999954955921	5.13545068924825e-23
0.999549711857023	4.65031701886256e-05	0.000403784972788713
0.50379730495583	0.494951653009896	0.0012510420342739
3.30816523238741e-06	0.999996691834767	2.81258050257942e-16
0.998279603234287	0.00107664734220392	0.000643749423508851
0.725233561059914	0.274598446761284	0.000167992178801882
0.995192593096645	0.00479576833043555	1.16385729195641e-05
1.89685339405153e-06	6.58343803003546e-05	0.999932268766306
2.28274871626535e-08	7.31538815444369e-18	0.999999977172513
7.57212428009036e-06	1.05343840150468e-14	0.999992427875709
0.882117880473612	0.11788211934839	1.77997891398658e-10
0.996659177628635	0.00329733582627734	4.34865450879074e-05
0.999652373309019	0.000311537459594524	3.60892313868345e-05
0.755369058216355	0.0232481599363096	0.221382781847336
0.888203364937641	8.01540565233958e-07	0.111795833521794
0.999394173754817	0.000576018045813645	2.98081993697128e-05
0.882475750705042	9.41570488868912e-05	0.117430092246071
6.29939301233578e-07	1.09936737145809e-17	0.999999370060699
0.999926837060466	6.69858699315559e-05	6.17706960186491e-06
0.999664866170036	0.000308184069799645	2.69497601639207e-05
0.0473523336143094	4.16271673167651e-09	0.952647662222974
0.0900655417950395	0.691926473203529	0.218007985001431
0.896643361713932	0.103355976633479	6.61652588988209e-07
0.910772328034541	0.0892266974097034	9.74555755700396e-07
0.311004416831647	0.688995568490049	1.46783040301118e-08
0.940625410014187	0.0426977661026135	0.0166768238831992
0.999365176195483	0.000374621865321999	0.000260201939194938
0.999150682075835	0.000587223732706313	0.000262094191458566
0.999095360405853	0.000858659648433738	4.59799457132194e-05
0.386970512369308	0.61079541721717	0.00223407041352158
0.964995542320596	0.0350033207880224	1.13689138180133e-06
0.966908364090794	0.0330851901403039	6.44576890191059e-06
0.998929156945425	0.00106659452594095	4.24852863455726e-06
0.999492771315172	0.000414944168178119	9.22845166502491e-05
0.999119966833077	0.000793527207410167	8.65059595127533e-05
0.999222591409275	0.000595308408700197	0.000182100182024885
0.00337600958711617	0.99662398834451	2.068373883733e-09
1.74200273539121e-06	0.999998257997265	2.59526368706091e-17
0.996947242435634	0.00298238916499562	7.03683993702304e-05
0.574415307545979	0.425039465991919	0.000545226462102133
0.037522440869265	0.962477559125279	5.45605921376637e-12
0.994692360241858	0.00529011803458835	1.75217235533627e-05
0.449542468663996	0.549902626965172	0.000554904370831689
0.566202247904333	0.433795637177372	2.11491829507008e-06
0.998882356527985	0.00104323291669434	7.44105553205643e-05
0.999311793484134	0.000594029337559334	9.41771783062392e-05
0.997962326373613	3.24873020565445e-05	0.00200518632433019
0.342158543390746	1.91519917637369e-08	0.657841437457262
0.185796573570621	0.547481629236315	0.266721797193063
0.000424415201361083	0.00170067923203583	0.997874905566603
0.999201212978311	0.000625290140280036	0.000173496881408925
0.999148563270474	0.000624065348119415	0.000227371381406448
0.000127077802672297	0.00203095269491563	0.997841969502412
0.943776775550016	0.0562199414224857	3.28302749794402e-06
0.998800621940046	0.00112043879956547	7.89392603880265e-05
0.0285846404850056	0.971415345388641	1.41263528885945e-08
0.999421656795944	0.000572208903894119	6.13430016206679e-06
0.00503615926938715	0.994963840584623	1.4598994909913e-10
0.986246274901664	0.000391636590057962	0.0133620885082779
0.999215152914221	0.0006207044313626	0.000164142654416651
0.998944310649508	0.000112973787815388	0.00094271556267704
0.998712675430905	7.64583090309094e-05	0.00121086626006372
0.992571764417205	3.10677619880827e-05	0.00739716782080688
0.999569446077207	0.000199958567198599	0.000230595355594361
0.99902688885655	1.14329702435845e-06	0.000971967846425347
0.0549307719094385	0.945069228014662	7.58995777481784e-11
0.848490170894703	0.15150874941477	1.07969052672065e-06
0.999381053000143	0.000471650460000302	0.00014729653985691
0.997101525345803	0.00287226161738784	2.62130368094104e-05
0.99825395215232	0.00172223263628665	2.38152113935249e-05
0.776980486268429	0.22301947688378	3.68477913224342e-08
0.00375456004225996	0.996245439957452	2.88542826752818e-13
0.251173288196124	0.747198937532429	0.00162777427144698
0.952498058832348	0.0299472368180528	0.0175547043495989
0.992596957171415	3.81753351065845e-06	0.00739922529507418
0.89808867196825	0.100669408002409	0.00124192002934092
0.612878081152849	8.05446652177342e-06	0.387113864380629
0.943161667016206	5.80874700016867e-07	0.056837752109094
0.84807015616894	0.147639738113675	0.00429010571738544
0.81255309162208	0.187446650159278	2.58218642212102e-07
0.998598760525742	0.0011465493400949	0.000254690134162749
0.999195910008854	0.000130121449951207	0.000673968541195
1.86275516106035e-06	2.33461137956298e-17	0.999998137244839
0.98138983810936	2.08308565124014e-05	0.0185893310341276
0.999555972099583	0.000177719395300948	0.00026630850511572
0.933541964644495	0.0664579916146833	4.37408216016203e-08
0.998534669934553	0.000302423269179068	0.00116290679626782
0.99897825337541	0.000793643184906628	0.000228103439683021
0.999215152914221	0.0006207044313626	0.000164142654416651
0.999381053000143	0.000471650460000302	0.00014729653985691
0.977894821574156	0.0221014607499594	3.71767588498952e-06
0.323711436578169	0.676288531400722	3.20211090031487e-08
0.866191469042149	0.133804168019874	4.36293797734562e-06
0.999643569346483	0.00013101746916714	0.000225413184349984
0.999222591409275	0.000595308408700197	0.000182100182024885
0.999266381844159	0.00030940560866181	0.000424212547179317
0.0128831114399648	1.42078209572541e-09	0.987116887139253
0.998933128343143	0.000958263222279044	0.000108608434578387
0.867552834369198	0.132435859887829	1.13057429731446e-05
0.998461874305641	9.7705639049125e-05	0.00144042005531028
0.999150682075835	0.000587223732706313	0.000262094191458566
0.195495982761648	1.20196998944799e-06	0.804502815268362
0.983911111733791	4.18177573378077e-05	0.0160470705088707
0.998189972391059	0.000141796163512229	0.00166823144542857
0.998025764494267	0.000856790436691546	0.00111744506904123
0.953281740828211	0.0467079107722937	1.03483994954964e-05
0.999479880227558	0.000381579070768929	0.000138540701673564
0.99958349136758	0.000347584778054166	6.89238543658039e-05
0.999704360942676	2.16990070973868e-05	0.000273940050226829
0.46438712768483	0.533994046858211	0.00161882545695924
0.00485440119843275	8.2225774896605e-08	0.995145516575792
0.999946477905481	4.81705766521528e-05	5.35151786713884e-06
0.999530689950135	0.000311230542556568	0.000158079507308092
0.998017231870675	1.75987708534011e-06	0.0019810082522397
0.340836606311548	0.65684799489249	0.00231539879596191
0.979364837869531	0.0206260239823998	9.13814806933501e-06
1.73482804664233e-07	0.999999826517195	1.13765823145182e-21
0.601937876212419	0.397860244377837	0.000201879409744172
0.891309829760935	0.108189325633558	0.000500844605507264
0.804781709710461	0.193596805198929	0.00162148509060907
0.0135195201726548	3.72274067493948e-09	0.986480476104604
9.68596233501844e-06	0.999990314037661	3.99535244126619e-15
0.996929607725459	6.92309215006082e-05	0.00300116135304035
0.996023664878116	0.00011002908136563	0.00386630604051813
0.999579481916326	0.000358565158383472	6.19529252905782e-05
0.999857112486496	5.28644598223933e-05	9.00230536811796e-05
0.870072986956368	0.127314217118076	0.00261279592555608
0.993636053424354	0.0063529181548958	1.10284207497284e-05
0.999683684098186	2.72348945243754e-05	0.000289081007289702
0.970934524963248	0.0290596864668032	5.78856994920298e-06
0.819407807658469	0.18059141638193	7.75959601046842e-07
0.999512402911528	0.000289532031331738	0.000198065057140232
0.999448239106047	0.000328532725465852	0.000223228168486702
0.999691763921868	0.000125207731515845	0.000183028346616011
0.86489857810359	1.99043378950723e-05	0.135081517558515
0.889308152242744	0.106248640513433	0.00444320724382271
0.676285001073095	0.323541932183422	0.0001730667434829
0.113114107554441	0.407348061501674	0.479537830943884
0.999215152914221	0.0006207044313626	0.000164142654416651
0.998052182199989	0.000190255588564793	0.00175756221144656
0.604071500000107	0.39570120315677	0.000227296843122796
0.999775439550495	0.000125363214088945	9.91972354158916e-05
0.439988912466575	0.559195064397823	0.000816023135602828
0.999273777402777	0.000718659839491285	7.56275773220168e-06
0.991418723940775	0.00856652452949032	1.47515297351728e-05
0.995442515666677	0.00452540493138423	3.20794019389108e-05
0.999774174177303	1.09586803132351e-06	0.000224729954665888
0.999403734032799	0.000360329652846051	0.000235936314354625
0.815141611152468	1.07706740122757e-05	0.18484761817352
0.856304180895858	0.141981224003014	0.0017145951011279
0.991820075596034	0.00817564040850779	4.28399545857984e-06
0.846566711561931	0.152715266645953	0.00071802179211627
0.999381053000143	0.000471650460000302	0.00014729653985691
0.445529427981965	0.554466705917804	3.86610023072515e-06
0.998861524851792	0.000781574462844629	0.0003569006853637
0.853549711483795	1.08865821416598e-05	0.146439401934064
0.999277710823711	0.000212754720135058	0.000509534456154026
0.999729009838576	5.44798412187376e-05	0.000216510320205367
0.999182548892739	0.000112498164673386	0.000704952942587188
0.121738570701529	0.878261409907905	1.93905667801328e-08
0.899122520191993	0.00363469558282676	0.0972427842251803
0.999931150895411	1.31701515007201e-05	5.56789530881118e-05
0.00132452091128535	0.998675479088711	4.12060066527624e-15
0.99897825337541	0.000793643184906628	0.000228103439683021
0.239630895362822	0.760368170790651	9.33846526427581e-07
0.999539094918702	0.000305995187200493	0.000154909894097351
0.0539970489592359	1.10493315416368e-05	0.945991901709222
0.00245459358303472	0.99754540634262	7.43454230685589e-11
0.999239221381183	0.000640763148392149	0.000120015470424492
0.0243531986484058	0.142361007746179	0.833285793605415
0.999180282774938	0.000624986173595281	0.000194731051466502
0.847468527871237	3.03163168609039e-05	0.152501155811902
0.572078961294007	3.83106196874679e-07	0.427920655599797
0.999280059033629	0.000130425248128411	0.000589515718242952
0.992163223589944	0.00781297004591096	2.3806364144963e-05
0.0521544572457142	0.947845542743973	1.03123517860714e-11
1.65299931705917e-05	0.000274172990374912	0.999709297016455
0.827626524387629	0.172302077124599	7.13984877724237e-05
0.998221170981465	0.00152776118090916	0.000251067837625669
0.000343568532169261	0.999656431467456	3.74301228483363e-13
0.992239267013459	1.87223249281745e-05	0.00774201066161249
0.999821006456197	0.000171244662025231	7.74888177775187e-06
0.997511768155958	0.00244432631738745	4.39055266541826e-05
0.998976162722203	0.000859442698594293	0.000164394579202802
0.99948626000645	0.000359113903184035	0.000154626090365479
0.999797646261978	0.000197330094710413	5.02364331189819e-06
7.27493323808964e-07	1.3963076781051e-19	0.999999272506676
0.000550403534218306	0.999449596464465	1.31624292012427e-12
0.594921507825484	0.404833220539039	0.000245271635476236
0.991529071941302	0.00846431478007048	6.61327862786134e-06
0.999490862179366	0.000399187273117985	0.000109950547516285
0.984165835511359	0.0158247314651863	9.43302345446631e-06
0.970408958825431	0.0294879507233169	0.000103090451251713
0.99802034690257	0.000189241546099444	0.00179041155133053
0.999937450877167	5.96875468533775e-05	2.8615759795271e-06
0.999559705956627	0.000308462362240818	0.000131831681131689
0.999365176195483	0.000374621865321999	0.000260201939194938
0.616411005624163	0.383406638562023	0.000182355813814252
0.996962130104401	0.00294362645742571	9.42434381734803e-05
0.127235392496464	0.327909024528294	0.544855582975242
0.999180097707402	0.000476903957492357	0.000342998335105516
0.0845593466988807	0.915440649567209	3.73391046327208e-09
0.997102440921866	0.00289087028184667	6.6887962870961e-06
0.999642398793771	0.000107567793431585	0.000250033412797767
0.997992469596488	0.000297425195192521	0.00171010520831917
0.0286676346712941	0.971332365243791	8.49153557198803e-11
0.991480529952534	0.0085145308498648	4.9391976008663e-06
0.503892645078709	0.495184989392288	0.00092236552900347
0.791557588602386	1.64715413073323e-07	0.208442246682201
0.993148904421196	0.00684100785485677	1.00877239473081e-05
0.989881048697006	0.0101176678310679	1.2834719261646e-06
0.989880210690609	0.0101184201336172	1.36917577380951e-06
0.999877277339923	0.00011983664738871	2.88601268857022e-06
0.999807659116543	0.000151298773518954	4.10421099385202e-05
0.331010462378105	0.658569431321656	0.0104201063002384
0.997579055476248	0.00242086255308749	8.19706644058491e-08
0.973235961917692	5.55498843471444e-05	0.0267084881979613
3.85628008003885e-10	4.94235419111413e-24	0.999999999614372
0.884118909719902	0.11312865069961	0.00275243958048781
0.58776819172956	0.412231783837053	2.44333870733551e-08
0.749769022461119	0.250230976207666	1.33121420636537e-09
0.270218144614855	0.72978167861429	1.76770854889725e-07
0.87275560367058	0.125497797543649	0.00174659878577126
0.999452734954581	0.000233577231331917	0.000313687814086869
0.00204243476474361	0.997957565232845	2.41104255774389e-12
0.998443736606703	0.00136239990288282	0.000193863490414358
0.997510126187564	5.80351431035119e-06	0.00248407029812537
0.995626244384457	0.00437371198408919	4.36314533959531e-08
0.997554012564763	0.00241499450014037	3.09929350965117e-05
0.997946196541421	0.0014799839228913	0.000573819535687478
0.508943346987526	0.491039488839023	1.71641734512379e-05
0.97922558996728	0.0207726790789445	1.73095377592592e-06
0.881354158016027	0.117282870664275	0.00136297131969807
0.969767549950584	0.0294981683689885	0.000734281680427071
0.817723579475048	0.181377055624037	0.000899364900914275
0.0481952989365638	0.951804695964595	5.09884085723817e-09
0.99298078865561	1.53460229730315e-05	0.00700386532141664
0.926137693126098	0.0390940201477024	0.0347682867262
